0	3.31899349207e-05
1	5.97593891001e-07
2	2.1706411767e-07
3	6.56524831144e-07
4	2.17390851471e-07
5	1.17652515605e-06
6	2.11041832366e-07
7	2.56728449954e-05
8	2.135947151e-07
9	2.20396506137e-06
10	7.64228012359e-07
11	2.04506525433e-07
12	2.04506525433e-07
13	1.09555930996e-06
14	2.24011689674e-07
15	2.04506525433e-07
16	2.55326976729e-07
17	2.21298738401e-07
18	2.04506525433e-07
19	2.24921553287e-07
20	2.23851469202e-07
21	2.59502809237e-05
22	1.02990866236e-06
23	2.26190590877e-07
24	2.42111891555e-07
25	2.08131826985e-06
26	2.32266773283e-06
27	3.78848812452e-07
28	2.21194797625e-07
29	2.86195066617e-07
30	9.5579770741e-07
31	1.44542091713e-06
32	2.11208769322e-07
33	2.05774635148e-07
34	4.03963256171e-06
35	2.05857557765e-07
36	2.29270263261e-07
37	2.04506525433e-07
38	7.15468917288e-07
39	4.80070749284e-07
40	1.77606577247e-06
41	2.36015598047e-07
42	2.05774635148e-07
43	2.04506525433e-07
44	2.1158598752e-07
45	7.66165555509e-07
46	2.10028296459e-07
47	2.06723098832e-07
48	4.75924005941e-07
49	2.08335593223e-07
50	4.39705642193e-07
51	2.33191081211e-07
52	2.05799179152e-07
53	9.23837094811e-07
54	2.47518488859e-07
55	9.91003653323e-07
56	2.63499492634e-05
57	4.14467940537e-07
58	0.00058909160423
59	5.11373837757e-07
60	7.32509690745e-07
61	2.07192977653e-07
62	1.04027775971e-06
63	4.06128445424e-07
64	2.5893620545e-07
65	5.98538644945e-07
66	1.26600623209e-06
67	2.66575988335e-05
68	2.15386425949e-07
69	5.93564522056e-07
70	2.05832689653e-07
71	2.07176408459e-07
72	7.24621551032e-07
73	2.46298179143e-07
74	2.04506525433e-07
75	9.41780161761e-07
76	2.1875724061e-07
77	2.36208409496e-07
78	2.15155295653e-07
79	4.97406741875e-07
80	5.75642017545e-07
81	2.29515314297e-07
82	8.872325009e-07
83	2.33191081211e-07
84	4.37321872233e-07
85	6.15063532271e-07
86	2.11389301191e-07
87	2.53421452177e-05
88	7.71684923402e-07
89	2.13696144521e-07
90	2.05782452098e-07
91	2.135947151e-07
92	2.54857691831e-07
93	2.14016287754e-07
94	4.24813368128e-07
95	2.1102609469e-07
96	4.0408716609e-07
97	2.0710871712e-07
98	1.85553649145e-06
99	2.20695677776e-07
100	2.62450158426e-07
101	2.47628681252e-07
102	2.11356496103e-07
103	2.50839837237e-05
104	1.42721197401e-06
105	6.33958274878e-07
106	3.96926674684e-07
107	0.000174009785656
108	4.01261438737e-07
109	1.90725529194e-06
110	2.09748060788e-07
111	2.22355244261e-07
112	2.07177230994e-07
113	1.49346801748e-06
114	2.04506525433e-07
115	2.31976138038e-07
116	2.26706035328e-07
117	3.86606530543e-07
118	1.25312646092e-06
119	2.05055373325e-06
120	2.42047742832e-05
121	7.3469331499e-07
122	2.62595656491e-05
123	8.27925517714e-07
124	2.18478192678e-07
125	2.43561089197e-05
126	3.86329079067e-07
127	4.04588295147e-07
128	1.53522037998e-06
129	5.46592957641e-07
130	6.0197536158e-07
131	2.12608370671e-07
132	6.30301973811e-07
133	6.63288752505e-07
134	9.97894724627e-07
135	2.26813269189e-07
136	0.00389379473733
137	2.24975001442e-07
138	2.05892654323e-07
139	2.26641450792e-07
140	2.18562131145e-07
141	1.0599505506e-06
142	1.99660262189e-06
143	2.19227736054e-07
144	2.23980223014e-07
145	2.05782452098e-07
146	2.45395139001e-05
147	2.11041832366e-07
148	6.57460036126e-07
149	2.22475202431e-07
150	4.28942303403e-07
151	2.12915303809e-07
152	3.65094954892e-07
153	2.14726941208e-07
154	2.05806904205e-07
155	2.0717693487e-07
156	2.45683769758e-05
157	2.07129642711e-07
158	1.17039356823e-06
159	4.28321247213e-07
160	2.07886145224e-07
161	1.95261968164e-06
162	2.14262631359e-07
163	2.28965184617e-07
164	3.70216392662e-07
165	5.87029215441e-07
166	2.10947047836e-07
167	2.12520008052e-07
168	7.38779051444e-07
169	2.5735395543e-05
170	1.83481977866e-06
171	5.40626762664e-06
172	1.12194812525e-06
173	4.90130145113e-07
174	2.08446164788e-07
175	2.42117778294e-07
176	4.92520381275e-07
177	2.17991634325e-07
178	5.97502932593e-07
179	2.0704284125e-07
180	2.57273927755e-07
181	2.17390851471e-07
182	2.07059191059e-07
183	2.08592456525e-07
184	4.13276509373e-07
185	1.50077258082e-06
186	1.67995853771e-06
187	2.42612911305e-07
188	1.99041749757e-06
189	2.5893620545e-07
190	2.09890743129e-07
191	2.13905455134e-07
192	2.09756556198e-07
193	2.09732311757e-07
194	2.50816269848e-07
195	2.15155295653e-07
196	5.53540236622e-07
197	4.0904042689e-07
198	3.3942870722e-07
199	1.51142661544e-06
200	2.07738280248e-06
201	2.08455459465e-07
202	2.15017556083e-07
203	2.20410772152e-06
204	4.41283944293e-07
205	2.05799179152e-07
206	2.16092493661e-07
207	5.32346314258e-07
208	4.29566564389e-07
209	2.04506525433e-07
210	2.04506525433e-07
211	1.19198593133e-06
212	9.67002512059e-07
213	2.61484006605e-05
214	2.26622015216e-07
215	2.04506525433e-07
216	2.05825846431e-07
217	4.11991485825e-07
218	2.15155295653e-07
219	2.11009859287e-07
220	2.08692296533e-07
221	7.30106155659e-07
222	4.30139315096e-07
223	1.22647519133e-06
224	1.51262477598e-06
225	2.16705234996e-07
226	2.22608463913e-07
227	2.23368052041e-07
228	2.09970487476e-07
229	2.43544348233e-07
230	2.15193199351e-07
231	8.21521343545e-07
232	1.18648105262e-06
233	2.05774635148e-07
234	2.17282268486e-07
235	6.84606680037e-07
236	1.71764557245e-06
237	2.33191081211e-07
238	6.84337204684e-07
239	2.0742180284e-06
240	2.08550452589e-07
241	2.05790420383e-07
242	5.88157184579e-07
243	2.14082859884e-07
244	2.05774635148e-07
245	2.0984940746e-07
246	2.56545921452e-05
247	3.55339425491e-07
248	1.00490581483e-06
249	7.37711615111e-07
250	4.00426675789e-07
251	5.50234852567e-07
252	2.58316566229e-06
253	2.0710871712e-07
254	2.43653720373e-07
255	2.05790420383e-07
256	2.05774635148e-07
257	9.51530858092e-07
258	4.72971943806e-07
259	2.135947151e-07
260	5.48618949629e-07
261	1.09509783983e-06
262	2.08692296533e-07
263	2.12675719869e-07
264	2.09748060788e-07
265	7.33849583271e-07
266	2.47126938593e-07
267	2.05900473428e-07
268	2.89179208713e-07
269	3.85445173987e-06
270	2.32249805004e-07
271	2.32988850446e-06
272	1.75890306285e-06
273	2.15155295653e-07
274	6.15290564627e-07
275	2.17390851471e-07
276	8.33042895949e-07
277	2.85807726694e-06
278	2.1667241056e-07
279	2.05876836771e-07
280	1.65932482319e-06
281	5.63624850405e-07
282	2.05774635148e-07
283	2.30382990782e-07
284	5.59007857314e-07
285	2.61348284467e-05
286	2.05920858296e-07
287	2.04506525433e-07
288	3.91480194729e-07
289	2.08675724997e-07
290	8.07831311689e-07
291	1.56954679287e-06
292	2.04506525433e-07
293	2.07177230994e-07
294	2.2356540386e-07
295	4.31741198484e-07
296	2.12675719869e-07
297	1.38142874062e-06
298	4.44853108751e-07
299	2.50480609509e-07
300	2.19262415425e-07
301	3.59778379207e-07
302	4.11034960006e-07
303	1.44771918268e-06
304	2.63389647187e-05
305	2.05976588599e-07
306	2.15155295653e-07
307	2.18048816838e-07
308	2.56154965363e-05
309	2.26813269189e-07
310	2.20713930298e-07
311	2.48355009503e-07
312	2.38538506979e-07
313	1.55125373747e-06
314	3.01860692417e-07
315	2.67661553883e-05
316	2.11753240992e-07
317	3.84885392678e-07
318	4.42388996648e-07
319	2.13696144521e-07
320	2.64817553267e-07
321	2.0734960132e-07
322	2.68820315319e-05
323	1.91363595368e-06
324	2.50049931454e-05
325	1.31706591292e-06
326	2.29431591817e-07
327	2.08440877699e-07
328	2.15155295653e-07
329	1.00463239713e-06
330	2.45494474226e-07
331	6.63273533502e-07
332	1.93895129635e-06
333	2.14088762632e-07
334	1.51251739685e-06
335	2.04506525433e-07
336	2.22079566491e-07
337	2.15327526483e-07
338	4.15192253836e-07
339	2.54225260913e-05
340	9.92222879937e-07
341	7.77603325617e-07
342	1.41079504631e-06
343	2.27989548841e-07
344	5.74565668392e-07
345	1.40788316521e-06
346	2.77283413851e-07
347	6.95661981854e-07
348	1.34094497115e-05
349	2.11893280424e-07
350	4.27588881511e-06
351	8.64543844537e-08
352	6.89024271311e-07
353	8.10257192432e-06
354	5.32798241246e-07
355	9.79861254482e-07
356	8.45434106443e-08
357	4.06994398444e-06
358	8.27496413118e-08
359	5.20450284679e-07
360	5.38463624435e-06
361	4.55543184451e-07
362	5.88788948673e-07
363	4.28879086536e-06
364	8.86333097038e-08
365	3.10362856989e-07
366	8.00169779306e-06
367	9.19637171348e-07
368	1.10517508377e-06
369	4.30465517908e-06
370	1.02539943474e-05
371	1.90340741731e-07
372	4.22823339025e-07
373	1.08809841382e-05
374	6.68125467994e-06
375	5.74507026331e-07
376	1.27217973924e-05
377	8.34666779488e-08
378	9.85422287504e-06
379	8.33109161844e-08
380	2.30525299229e-07
381	2.65860045326e-07
382	2.3102406234e-07
383	1.16192160581e-07
384	1.10603153728e-07
385	4.10862200628e-07
386	8.38250603438e-08
387	5.34405874561e-06
388	1.56260235304e-06
389	2.17368845277e-06
390	3.10609446957e-07
391	9.67771202844e-06
392	5.30309981129e-06
393	8.75687561618e-08
394	1.51131868745e-06
395	6.63805171079e-06
396	4.87258943408e-07
397	5.24658815332e-06
398	1.05099787864e-06
399	8.81027746093e-08
400	6.63723322071e-06
401	8.32672327319e-08
402	9.80202410301e-06
403	4.1275710528e-07
404	5.30827509262e-06
405	7.64688540526e-06
406	1.16980582581e-07
407	4.09728877382e-06
408	5.59277095982e-06
409	1.12906435601e-06
410	3.69142180132e-07
411	8.42105418135e-08
412	7.13841437922e-06
413	6.91579813117e-07
414	1.11239478109e-05
415	8.19227695417e-06
416	4.42919540702e-06
417	6.38424552554e-06
418	8.46756985769e-07
419	5.51581080875e-06
420	6.19825978294e-06
421	4.54299949384e-06
422	1.3264868439e-06
423	6.05509277282e-06
424	3.43011736109e-07
425	8.18953337206e-06
426	4.46766317786e-06
427	7.63952844264e-06
428	0.000597618630741
429	1.79752869095e-07
430	8.87373983125e-06
431	1.01197782089e-05
432	9.57201939279e-06
433	3.96777570825e-06
434	8.73350568064e-06
435	3.91973577944e-06
436	9.76767813978e-06
437	1.20301960394e-07
438	1.02177427167e-05
439	5.61959596202e-06
440	5.77256146156e-07
441	8.81027746093e-08
442	4.27907608908e-06
443	8.32773241095e-08
444	5.53711925084e-06
445	8.29369714081e-07
446	7.74261879104e-07
447	8.27496413118e-08
448	1.47472410292e-07
449	3.9984168623e-06
450	5.48968171869e-07
451	8.45214877854e-06
452	5.09342538114e-06
453	8.54594556471e-08
454	8.38306110027e-08
455	4.58227202053e-06
456	9.69494254622e-06
457	4.06699598846e-06
458	9.60413866914e-07
459	3.92073205441e-06
460	9.81255439792e-06
461	5.97778125787e-06
462	5.09114872727e-07
463	4.88350593939e-06
464	1.34192248335e-07
465	6.87910069713e-06
466	1.77162286749e-07
467	8.45756639034e-08
468	8.32773241095e-08
469	4.22971963711e-06
470	2.4562714442e-07
471	5.18064750374e-06
472	2.06506674225e-07
473	4.79756597685e-06
474	3.38329074362e-07
475	1.23699054495e-05
476	8.70215997883e-08
477	4.0712794324e-06
478	3.29526107466e-07
479	4.96039375053e-06
480	3.90164720855e-06
481	4.92620950553e-07
482	5.15550484768e-06
483	1.05182731668e-05
484	9.50391341044e-06
485	3.86104307399e-06
486	3.17822683842e-07
487	1.30598042522e-06
488	1.22563066846e-06
489	4.26523976217e-07
490	4.60895202736e-07
491	3.89854641226e-07
492	6.29099337137e-06
493	1.94184650959e-06
494	7.20553234665e-07
495	1.02214117056e-06
496	1.79029986063e-06
497	6.76337378521e-06
498	1.52162939118e-07
499	8.40534366427e-08
500	1.00502248824e-05
501	8.81027746093e-08
502	4.44744857852e-07
503	2.10368084158e-06
504	4.78336569217e-06
505	2.65835873882e-07
506	1.04872889231e-05
507	9.9956691901e-06
508	7.90978160277e-06
509	2.91441927406e-07
510	4.38620388981e-06
511	4.85692496847e-06
512	4.70435450312e-06
513	1.09021778519e-05
514	6.37930669684e-06
515	5.99545327285e-06
516	4.07298799433e-06
517	8.48226301075e-06
518	4.11541165149e-06
519	6.01074001845e-07
520	9.54958196666e-06
521	7.00441173228e-07
522	2.0619055425e-07
523	9.21740921939e-06
524	6.53034574975e-06
525	1.00030585505e-05
526	1.16866372877e-05
527	2.11650369853e-06
528	4.12557423593e-06
529	2.17889554269e-07
530	9.13789342286e-08
531	4.45753480377e-06
532	9.08938423435e-08
533	2.04738995255e-07
534	3.99138161933e-06
535	4.17825626957e-07
536	7.17750279473e-07
537	1.68884917951e-06
538	3.76723049256e-06
539	4.03510199784e-07
540	3.30357656918e-07
541	4.07144961959e-06
542	5.94823666947e-06
543	4.35492098553e-06
544	1.01945167063e-05
545	9.21146721088e-06
546	4.51042612825e-06
547	6.31906629207e-07
548	1.00746897767e-06
549	7.55518321809e-06
550	8.27496413118e-08
551	3.65600451073e-07
552	1.10603153728e-07
553	6.90959759884e-06
554	4.01517935905e-06
555	9.44642615799e-07
556	5.50321948191e-06
557	1.11850985316e-06
558	4.47987979012e-06
559	7.12018401968e-06
560	1.01033503249e-06
561	7.03755861017e-06
562	1.19754225011e-07
563	0.000600032886144
564	8.86137376699e-08
565	8.43274821879e-07
566	8.37485686884e-06
567	9.67194395238e-06
568	2.30305978687e-07
569	4.28975962041e-06
570	4.98291087225e-06
571	1.71194574892e-07
572	8.45756639034e-08
573	1.15142531043e-07
574	1.28078891437e-07
575	7.82320863327e-08
576	7.50951209361e-08
577	7.95344078639e-08
578	8.04690346045e-08
579	1.29920344211e-07
580	3.78292700647e-06
581	6.90769860546e-08
582	7.88996008003e-08
583	8.09246006565e-08
584	1.25163932184e-07
585	6.86504245185e-08
586	2.47138242857e-07
587	3.92915864723e-07
588	7.91807467207e-08
589	1.17806364629e-07
590	3.37218603493e-07
591	5.67709112753e-06
592	1.29440847384e-07
593	1.96701823979e-07
594	7.46942271589e-06
595	7.79207315206e-08
596	1.93002594897e-06
597	1.16197437598e-07
598	1.0444665049e-07
599	7.99854277549e-08
600	8.0289793593e-08
601	5.46197218398e-06
602	6.86504245185e-08
603	1.04847597869e-07
604	8.93646679067e-06
605	1.07052775267e-07
606	8.01721768064e-06
607	6.86504245185e-08
608	6.86504245185e-08
609	3.91169585013e-06
610	3.38616933744e-07
611	8.00890576078e-08
612	1.05444552027e-07
613	6.86504245185e-08
614	5.07421216225e-06
615	8.0436736254e-08
616	9.30220342659e-08
617	1.20478479182e-07
618	1.05060046154e-07
619	1.18630876266e-07
620	2.54570313109e-07
621	7.26770659568e-08
622	7.71607354992e-08
623	1.04557132152e-07
624	6.86504245185e-08
625	8.40162790694e-08
626	1.03353693768e-07
627	8.04690346045e-08
628	7.42256145451e-08
629	1.31379631642e-06
630	2.60536441453e-07
631	8.4578661313e-08
632	7.94946237865e-08
633	8.15949874234e-08
634	4.29800625973e-06
635	1.38731139542e-07
636	1.19640260823e-07
637	4.39304372822e-06
638	6.86504245185e-08
639	1.78270148285e-07
640	7.99953183629e-08
641	6.75638982569e-06
642	6.90769860546e-08
643	8.0289793593e-08
644	1.9554920134e-07
645	4.89640505401e-06
646	5.74916386945e-07
647	1.03487834332e-07
648	6.93941286663e-08
649	1.1756370254e-06
650	7.94844044199e-08
651	7.21106213413e-06
652	2.41300405372e-07
653	1.68521654867e-07
654	1.90806990666e-07
655	9.18591342917e-08
656	1.18796738453e-07
657	8.07592412858e-08
658	8.04690346045e-08
659	8.04690346045e-08
660	7.00045138337e-08
661	8.0289793593e-08
662	8.04636901575e-08
663	9.36573752128e-08
664	1.05699327361e-07
665	7.71803237208e-08
666	2.11894656825e-07
667	3.79535900712e-06
668	6.86504245185e-08
669	5.21900293616e-06
670	8.00081241055e-08
671	2.51302842658e-07
672	7.66429255378e-08
673	2.41300405372e-07
674	6.86504245185e-08
675	7.9981170202e-08
676	4.51392363163e-06
677	9.53973741179e-08
678	1.73914198596e-07
679	9.97037032857e-08
680	1.86350870062e-07
681	7.99629572248e-08
682	8.55816953656e-08
683	5.13835157349e-06
684	8.30644591884e-08
685	8.96967448208e-08
686	6.15083543303e-12
687	4.30632898153e-13
688	6.01807213962e-13
689	4.02258580028e-14
690	9.19391409555e-14
691	4.0600933811e-14
692	3.83314922427e-14
693	2.03976600653e-13
694	6.15686431303e-13
695	3.92510825299e-13
696	4.76049936339e-13
697	5.75194767133e-12
698	8.1025805944e-10
699	3.88262787448e-14
700	8.27955173568e-14
701	2.52027364369e-13
702	4.0187307811e-14
703	5.42942349403e-12
704	4.37308967659e-14
705	6.67663100446e-13
706	2.83270493974e-13
707	4.20995879939e-14
708	5.69372785198e-12
709	3.3858028798e-13
710	1.5068508799e-13
711	1.78855108427e-13
712	4.28950229355e-14
713	5.70724046392e-12
714	4.24641518511e-14
715	1.29677945624e-13
716	9.14940072832e-14
717	7.10472767065e-14
718	3.63096517447e-13
719	5.73942599815e-12
720	1.97919513128e-13
721	1.12416966286e-13
722	1.66484332912e-13
723	1.62334831906e-13
724	4.73029027424e-13
725	4.08905693459e-14
726	3.91758558915e-13
727	2.9444804822e-13
728	4.47996205632e-13
729	5.44337639197e-12
730	1.94360336219e-13
731	4.0277397548e-13
732	4.24310914974e-14
733	7.81999505122e-14
734	2.12532150959e-13
735	1.81087988759e-13
736	8.24462474215e-14
737	2.43422198609e-13
738	2.22466231605e-13
739	3.64437797267e-13
740	5.08858492923e-14
741	2.41033583444e-13
742	8.21426784894e-14
743	3.95346308672e-14
744	4.05077313282e-14
745	5.55579080825e-12
746	7.71196801638e-14
747	5.8754438246e-12
748	2.37300668172e-13
749	3.85884955914e-14
750	3.967869541e-14
751	1.95686108162e-13
752	4.97461559127e-13
753	5.45660343798e-12
754	3.75161064814e-13
755	1.70932384716e-13
756	1.27278761911e-13
757	4.10931287112e-14
758	1.73516873015e-13
759	1.60388657682e-13
760	4.44490696725e-13
761	1.55361942893e-13
762	2.33620825267e-13
763	1.58491891047e-13
764	2.97092837654e-13
765	2.35437182296e-13
766	4.19295737534e-13
767	4.04347146606e-14
768	7.90023036192e-14
769	5.49030307606e-12
770	2.15365841502e-13
771	4.87609520178e-14
772	5.35050067627e-12
773	3.91190125649e-13
774	5.71650397664e-12
775	3.85884955914e-14
776	5.29911884263e-12
777	1.76431709051e-13
778	2.05439550578e-13
779	2.08236069873e-13
780	4.51612033135e-13
781	5.76954087959e-13
782	1.13303281702e-13
783	1.06230939394e-13
784	3.5397144302e-13
785	4.03713102719e-14
786	4.64187549557e-14
787	2.85522261441e-13
788	3.9382700289e-14
789	4.29130074944e-14
790	7.46326622453e-14
791	4.06453616032e-14
792	3.52363963058e-13
793	1.33748121791e-13
794	1.64804970067e-13
795	1.0187022318e-13
796	4.20282333691e-14
797	2.1588784851e-13
798	5.11095215982e-12
799	1.23466132644e-13
800	5.68691476909e-12
801	3.83314922427e-14
802	4.01035261063e-14
803	5.20354493317e-12
804	5.44972634206e-12
805	5.74353480845e-12
806	4.31873662221e-14
807	3.49958381432e-13
808	5.07344257211e-14
809	1.3772435359e-13
810	5.4841383482e-12
811	5.31544494808e-12
812	9.11770050479e-14
813	1.15009543105e-13
814	3.91744994627e-13
815	5.62058906234e-13
816	7.6913531058e-14
817	3.46827445043e-13
818	1.4897254135e-13
819	5.6563979392e-12
820	4.48700683968e-13
821	5.80957110744e-14
822	4.45871020726e-14
823	5.79977932893e-12
824	6.0010610676e-13
825	5.20745600105e-12
826	1.27357404991e-13
827	5.97084472131e-13
828	5.86761032902e-12
829	2.73174668469e-13
830	5.66715071066e-12
831	2.03162602659e-13
832	7.2442734865e-14
833	7.91254848927e-14
834	5.09352764888e-13
835	2.48578495184e-13
836	5.91445832029e-14
837	2.28755800678e-13
838	3.89502920955e-13
839	4.31793417889e-14
840	5.56559858482e-12
841	3.86499902591e-14
842	3.84574165102e-13
843	1.99574066372e-13
844	2.381354693e-13
845	3.53740607089e-13
846	1.13622220055e-13
847	3.33923169701e-13
848	3.48059798338e-13
849	3.31080534585e-13
850	8.09484135598e-14
851	1.45878077492e-13
852	7.10472767065e-14
853	4.70343061675e-13
854	4.23877400178e-14
855	7.10472767065e-14
856	6.08129673046e-12
857	8.64761170555e-10
858	5.19767978822e-12
859	5.06620026624e-12
860	3.83208308738e-08
861	5.34004515645e-12
862	1.31466200645e-08
863	5.37150649142e-12
864	5.16748598544e-12
865	9.37343466742e-11
866	5.16310293144e-12
867	5.26102551681e-12
868	9.37343466742e-11
869	5.24214292143e-12
870	5.26179841091e-12
871	1.06044565725e-11
872	5.22926532224e-12
873	5.19710077675e-12
874	5.22926532224e-12
875	5.03323965956e-12
876	5.37150649142e-12
877	5.1319679923e-12
878	5.33887316088e-12
879	5.22921281012e-12
880	5.279792461e-12
881	5.26199937975e-12
882	5.2725665895e-12
883	5.03323965956e-12
884	5.12982993746e-12
885	5.29237740219e-12
886	5.26795554361e-12
887	5.19710077675e-12
888	5.30626858172e-12
889	5.43751222969e-12
890	5.23848463663e-12
891	5.03323965956e-12
892	5.03323965956e-12
893	5.1352568219e-12
894	5.13073295009e-12
895	5.22963328891e-12
896	2.58833696465e-06
897	1.09541927126e-05
898	1.51565066553e-06
899	1.10235161692e-06
900	1.51935360915e-06
901	1.36261348695e-06
902	1.64163248555e-06
903	1.37200966115e-06
904	1.1240844059e-06
905	1.58711583406e-06
906	1.09126654245e-05
907	2.05103662117e-06
908	4.00691122572e-05
909	1.35282096203e-06
910	1.13706179705e-06
911	1.0838653986e-06
912	1.21610032175e-06
913	3.14843687598e-06
914	1.41847175232e-06
915	5.5586911435e-06
916	4.94138828304e-05
917	2.84486944962e-06
918	1.0838653986e-06
919	1.48088650482e-06
920	3.06842732388e-06
921	4.50502299628e-05
922	5.46802001681e-06
923	1.38060073456e-06
924	1.68398163346e-06
925	5.15840703136e-05
926	3.89975102606e-06
927	1.25412967545e-05
928	1.15500360963e-06
929	1.12877340345e-06
930	5.90453386956e-06
931	1.24427409114e-06
932	9.39776071392e-06
933	1.41234765226e-06
934	1.43754412791e-05
935	1.19403820233e-06
936	2.23236166149e-06
937	1.13332996832e-06
938	1.33005065687e-06
939	1.28374543353e-06
940	1.31963357482e-06
941	1.69905632785e-06
942	1.87062896342e-06
943	1.21167321657e-06
944	1.54595039286e-06
945	1.1122807635e-06
946	2.51147693724e-05
947	1.81643934283e-05
948	1.89536182815e-06
949	1.38923332859e-06
950	1.49094469751e-06
951	3.09247830408e-05
952	1.4522177166e-05
953	1.61405260883e-05
954	1.78959961904e-06
955	1.33119505798e-06
956	1.15132329361e-06
957	1.86960347652e-06
958	1.2806394649e-06
959	6.11452618944e-06
960	1.39712058178e-05
961	2.05923898992e-06
962	5.37540520614e-06
963	1.39610943988e-06
964	1.37942490236e-06
965	1.29632229461e-06
966	1.72636915146e-05
967	1.73382517073e-05
968	3.3138366125e-06
969	1.45394566773e-06
970	1.26963908994e-06
971	1.46256648597e-06
972	3.19381278446e-06
973	3.19254454735e-06
974	1.17847907489e-06
975	1.74131151065e-06
976	1.75009305405e-06
977	1.34672465277e-06
978	1.66457972775e-05
979	1.15310135049e-06
980	1.97060389543e-05
981	1.64630514431e-06
982	9.86500377745e-06
983	8.2991248207e-06
984	1.64865366379e-06
985	1.13273218937e-06
986	1.20327842484e-06
987	1.13637525901e-06
988	1.58843961913e-06
989	1.5034714428e-06
990	1.8669610879e-06
991	2.64840022416e-06
992	1.34859482655e-06
993	2.38175412972e-05
994	1.67069080081e-06
995	1.01198814674e-05
996	1.12182475807e-06
997	1.3837995181e-05
998	2.14525787516e-06
999	1.30759708266e-05
1000	1.2111439392e-06
1001	2.69316009436e-06
1002	1.10470595927e-06
1003	1.37904498403e-05
1004	1.76880896014e-05
1005	1.21123046767e-06
1006	2.04088817632e-05
1007	1.3366035886e-06
1008	1.39976036821e-06
1009	1.75829162529e-06
1010	1.49246743339e-06
1011	1.50488324165e-06
1012	2.65898569549e-06
1013	4.65438530326e-05
1014	2.28533170184e-06
1015	1.51733887192e-06
1016	1.1424067651e-06
1017	2.22658520256e-05
1018	1.75552077104e-06
1019	1.77235336664e-06
1020	1.97193306193e-06
1021	2.06120189471e-06
1022	1.26386861419e-06
1023	1.29203789504e-06
1024	1.24229802707e-05
1025	2.17539908424e-06
1026	1.37835481946e-05
1027	1.09780366734e-06
1028	3.92779618903e-05
1029	5.4526305158e-05
1030	1.37428171632e-06
1031	1.56797577774e-06
1032	2.19997458658e-06
1033	1.8778831424e-06
1034	1.12638506305e-06
1035	1.74822577489e-06
1036	1.77855303195e-06
1037	1.60643115864e-06
1038	1.22117938846e-06
1039	3.95026820371e-06
1040	8.65966816593e-06
1041	1.64536489716e-06
1042	1.28895485377e-06
1043	1.34803399531e-06
1044	1.41462553258e-06
1045	1.38032902857e-06
1046	1.0976449788e-06
1047	1.13505103881e-05
1048	1.65911497796e-05
1049	1.16002196952e-05
1050	1.19872737155e-06
1051	1.8513450039e-06
1052	2.1068207101e-06
1053	1.41605473015e-06
1054	7.19494455051e-06
1055	1.89994806162e-06
1056	8.79989757255e-06
1057	1.12317755104e-06
1058	2.02816597113e-06
1059	2.36940865459e-05
1060	1.898987315e-06
1061	1.21634841968e-06
1062	1.59967841654e-06
1063	3.36892575614e-06
1064	1.36975641979e-06
1065	1.09148105221e-06
1066	1.93078946667e-06
1067	1.99719636378e-06
1068	6.24435197893e-06
1069	3.34894854233e-06
1070	5.86504517553e-06
1071	1.10121214773e-06
1072	1.34675382082e-06
1073	1.30944279278e-06
1074	9.13217258983e-05
1075	1.07044923431e-05
1076	2.16881970077e-05
1077	8.47166226051e-05
1078	2.6884426452e-05
1079	1.83999327018e-05
1080	2.58702602465e-06
1081	1.44728660476e-06
1082	1.75723313778e-06
1083	1.44609790234e-05
1084	3.42076843009e-06
1085	1.82137054451e-06
1086	2.46404705687e-05
1087	1.16556761881e-06
1088	1.62288773395e-06
1089	1.20324546232e-06
1090	1.1908202529e-06
1091	3.18373884963e-06
1092	9.2916706894e-06
1093	1.18620238987e-06
1094	1.21208191474e-06
1095	1.89319138012e-06
1096	1.0838653986e-06
1097	1.37798355117e-06
1098	2.06440003935e-06
1099	1.78222783741e-06
1100	1.8346665738e-06
1101	1.80714996724e-05
1102	1.73240094496e-06
1103	1.158122679e-06
1104	2.41109812091e-06
1105	1.10470595927e-06
1106	1.37544524589e-06
1107	2.09072964947e-05
1108	1.64939205324e-06
1109	5.4900001748e-06
1110	9.50381760767e-06
1111	1.32310748854e-06
1112	7.42981624134e-06
1113	2.11917416738e-06
1114	5.97773049146e-06
1115	1.5143184347e-06
1116	5.55285168576e-06
1117	1.87277423451e-05
1118	1.37046794253e-06
1119	1.0838653986e-06
1120	1.69495247789e-06
1121	1.38332482374e-06
1122	2.55431798978e-06
1123	1.08434279909e-05
1124	2.00501164741e-05
1125	1.67502492764e-05
1126	5.65847472193e-05
1127	1.2711957074e-06
1128	1.45055415828e-05
1129	1.78689259408e-06
1130	9.54366340908e-06
1131	1.41156981806e-06
1132	2.05137292693e-05
1133	1.59917984235e-06
1134	1.17414941117e-06
1135	1.18035607106e-05
1136	5.36315648488e-06
1137	1.32003643059e-06
1138	1.18643171865e-06
1139	1.36451698211e-06
1140	2.097943475e-06
1141	1.24988016487e-06
1142	1.83664901202e-06
1143	1.49591422181e-06
1144	1.56394676926e-06
1145	1.0838653986e-06
1146	2.17008858495e-05
1147	1.15384440561e-06
1148	1.91812506857e-06
1149	1.78763344101e-05
1150	2.5685339097e-06
1151	1.74504464678e-06
1152	1.49887010243e-06
1153	1.98868941349e-05
1154	1.1581390043e-06
1155	2.96904410198e-06
1156	1.40540385002e-05
1157	1.34142283482e-06
1158	1.92717601914e-06
1159	2.05956405999e-06
1160	1.27703178235e-05
1161	3.68759432548e-06
1162	1.24922982456e-06
1163	1.46915493074e-05
1164	5.13789347408e-06
1165	3.06266558982e-05
1166	1.8550039024e-06
1167	1.43063888513e-06
1168	1.12813765263e-06
1169	1.29255510312e-06
1170	1.54907069683e-06
1171	4.17790221068e-05
1172	1.79623710644e-05
1173	5.95326403962e-05
1174	1.29464942064e-06
1175	2.00411231014e-05
1176	1.09753805012e-06
1177	1.20488060018e-06
1178	1.62481599061e-06
1179	6.20028869927e-06
1180	7.91423392853e-06
1181	1.37369056079e-05
1182	3.96616479137e-05
1183	1.86717699766e-06
1184	2.29073450632e-05
1185	2.39513702971e-05
1186	1.22014891409e-06
1187	1.67861378711e-06
1188	1.51192641488e-06
1189	1.57341556019e-06
1190	1.58736325685e-06
1191	1.75914059943e-05
1192	2.44747004218e-06
1193	1.19333670391e-06
1194	1.10749781067e-06
1195	9.23097591452e-06
1196	3.31294607005e-05
1197	2.92511214121e-05
1198	1.34641858482e-05
1199	3.04232082694e-05
1200	1.16710716025e-06
1201	9.3821157655e-06
1202	1.68205983536e-06
1203	1.38960740352e-06
1204	2.4096189988e-06
1205	1.50313722565e-05
1206	1.0838653986e-06
1207	9.67164797746e-06
1208	1.09767171985e-06
1209	1.09537425018e-05
1210	5.78782536966e-06
1211	2.60318408422e-05
1212	1.49133145749e-06
1213	1.2902689018e-06
1214	1.77379975525e-05
1215	1.58673908643e-06
1216	1.38874552932e-06
1217	6.5337852833e-06
1218	1.16375671376e-06
1219	1.01688742525e-05
1220	2.29249854644e-06
1221	1.95386916736e-06
1222	2.22678954904e-05
1223	1.78261559848e-06
1224	1.0908871023e-06
1225	1.46943973767e-06
1226	5.29111551673e-06
1227	2.06770923245e-06
1228	1.34886475645e-06
1229	1.62878610374e-06
1230	2.0306730542e-05
1231	1.98047238197e-06
1232	1.32522711437e-06
1233	1.09597915298e-06
1234	1.24565483548e-06
1235	2.52783037346e-06
1236	1.56948174999e-06
1237	7.22520623184e-06
1238	2.02275622998e-05
1239	1.98810355881e-06
1240	1.13468316478e-06
1241	1.35014949435e-06
1242	1.30596828031e-05
1243	1.76041405692e-05
1244	1.20162105066e-06
1245	1.83363033433e-06
1246	1.53716732664e-06
1247	1.54416699098e-06
1248	1.17947094895e-06
1249	1.24344170066e-06
1250	1.8638166775e-05
1251	1.24841403e-06
1252	1.10057701678e-06
1253	1.10121214773e-06
1254	1.3047828912e-06
1255	2.05424546343e-05
1256	1.95078445311e-05
1257	1.73070352546e-06
1258	2.10994994563e-06
1259	1.69057875684e-06
1260	1.53588435669e-06
1261	1.91832032685e-06
1262	1.42991143085e-06
1263	1.28107588359e-06
1264	1.11562428454e-06
1265	5.12627333958e-06
1266	1.67323633217e-06
1267	1.95649288072e-05
1268	1.25371665678e-06
1269	2.02143436925e-05
1270	1.09263937467e-06
1271	1.36232598691e-05
1272	1.39378340806e-05
1273	2.02646317449e-06
1274	1.96932722925e-06
1275	1.78738344012e-06
1276	1.21315084292e-06
1277	2.57655229107e-06
1278	4.98536134806e-06
1279	1.60132682925e-06
1280	1.12713310356e-05
1281	1.62949247086e-06
1282	1.93276057176e-06
1283	4.12817643715e-06
1284	1.84600604039e-06
1285	7.21616120472e-06
1286	1.36633940781e-06
1287	1.12926882896e-05
1288	1.29694599828e-05
1289	5.75383914726e-05
1290	1.29278860836e-05
1291	1.80429058637e-05
1292	1.74379655801e-06
1293	8.79458200796e-06
1294	1.84654221978e-06
1295	1.11490854657e-06
1296	1.45526838863e-06
1297	1.43015463247e-06
1298	2.06014386878e-06
1299	1.43176979063e-06
1300	5.75565923745e-06
1301	1.36840969637e-06
1302	1.69314617203e-05
1303	1.73877988207e-06
1304	1.46467748251e-06
1305	1.70334125029e-05
1306	1.39697695977e-06
1307	1.70477793352e-06
1308	1.26553820394e-06
1309	1.64859402153e-06
1310	1.4401907406e-06
1311	1.43037258699e-06
1312	4.20919292435e-05
1313	5.87458262704e-06
1314	1.34639440327e-06
1315	1.60100087543e-06
1316	1.46818849473e-06
1317	2.05250234026e-06
1318	2.15121982641e-06
1319	1.30575954049e-06
1320	6.52431685935e-06
1321	4.75746528944e-06
1322	2.11504437817e-06
1323	1.31528202973e-05
1324	1.62967603659e-06
1325	1.73116919256e-06
1326	1.09433130449e-06
1327	3.64008048926e-05
1328	1.31884181081e-06
1329	2.06606040424e-05
1330	1.83742746614e-05
1331	2.1641669182e-05
1332	1.98779136539e-06
1333	1.35509515278e-06
1334	4.20837132859e-05
1335	1.9942165218e-05
1336	8.05972619192e-06
1337	5.42352307474e-06
1338	5.67793073777e-06
1339	1.44062362279e-05
1340	8.5887584997e-06
1341	1.95929643179e-05
1342	1.29432053552e-06
1343	2.30857723938e-06
1344	1.26126309165e-05
1345	2.19927846571e-06
1346	1.51477645246e-06
1347	1.96852775883e-06
1348	1.51992117295e-06
1349	2.1687535301e-06
1350	1.57679259571e-06
1351	1.21926573743e-05
1352	6.00971336302e-05
1353	1.10437136145e-06
1354	1.12153320751e-06
1355	1.54646191731e-06
1356	1.29687741915e-06
1357	2.14420627713e-06
1358	6.90768265298e-06
1359	1.20184717094e-05
1360	1.80368055577e-06
1361	0.000130374387911
1362	1.10549873667e-06
1363	1.25546027402e-06
1364	1.5086722319e-06
1365	7.21857094171e-06
1366	2.12155852806e-06
1367	2.37692479308e-05
1368	1.33119505798e-06
1369	3.60608167131e-05
1370	1.54828326878e-05
1371	1.62241539294e-06
1372	1.1375412206e-06
1373	2.00888818887e-06
1374	6.07861284463e-06
1375	1.08193613479e-05
1376	5.52164091414e-05
1377	2.75806717679e-05
1378	1.34707399557e-06
1379	1.70131407296e-06
1380	1.2652582196e-05
1381	1.4229454671e-06
1382	1.62236687063e-06
1383	1.32422452691e-06
1384	1.66803251783e-06
1385	1.69961366229e-06
1386	1.0838653986e-06
1387	1.4638692328e-06
1388	1.24654512326e-05
1389	7.76126988066e-06
1390	2.78617901029e-05
1391	2.52814626656e-05
1392	1.5904685628e-06
1393	8.6037054997e-06
1394	1.09095573782e-06
1395	1.29958033917e-06
1396	1.75735465798e-06
1397	1.65624568859e-06
1398	7.3138581734e-06
1399	2.65120333409e-05
1400	1.72708379304e-06
1401	2.54928122567e-06
1402	1.17484497242e-05
1403	1.1424067651e-06
1404	1.9502771746e-06
1405	5.77151419292e-06
1406	1.48871763706e-06
1407	5.61894329719e-06
1408	5.59513521184e-06
1409	1.6038518207e-05
1410	1.33597984227e-06
1411	2.6317851934e-06
1412	1.38292473356e-06
1413	1.79054855052e-06
1414	1.17540079536e-06
1415	1.39952679227e-06
1416	1.5699614774e-05
1417	1.47798687695e-06
1418	1.53753951429e-06
1419	3.12110415488e-06
1420	2.33321179e-05
1421	1.79771566819e-06
1422	1.81641673021e-06
1423	1.96782185826e-06
1424	1.31946868966e-06
1425	5.59673255382e-06
1426	1.84749335447e-06
1427	2.81273541798e-06
1428	1.44185899876e-06
1429	1.78687859928e-06
1430	1.09455101214e-06
1431	3.01586944579e-05
1432	1.73018742454e-06
1433	1.60735726747e-06
1434	2.19757626654e-06
1435	5.54994222082e-06
1436	1.90238259163e-06
1437	9.40499337912e-06
1438	1.49027981136e-06
1439	4.82112030588e-06
1440	3.31375605992e-05
1441	2.0015850774e-06
1442	1.33706796799e-06
1443	1.15844334482e-06
1444	2.07090398524e-06
1445	1.8205980776e-06
1446	5.64838058609e-06
1447	2.04331320735e-05
1448	1.78404604157e-06
1449	1.37499843024e-05
1450	2.2101624467e-06
1451	1.68525647026e-06
1452	1.36497671776e-06
1453	1.90252528431e-06
1454	1.75073035364e-06
1455	1.20920748681e-06
1456	1.83466041238e-05
1457	9.10667184729e-06
1458	3.33594893052e-05
1459	2.28698637863e-06
1460	8.10039026979e-06
1461	1.62072002698e-06
1462	2.05061466835e-06
1463	2.30130084647e-06
1464	1.54058785942e-06
1465	0.00614566911647
1466	1.0838653986e-06
1467	1.93563470749e-05
1468	1.33815426154e-06
1469	1.76985990244e-06
1470	1.14787260826e-05
1471	2.41421088474e-05
1472	2.13945459623e-06
1473	2.70621325691e-06
1474	1.10601696682e-06
1475	2.07990021051e-06
1476	1.13774268547e-06
1477	1.67740106098e-06
1478	1.28393560716e-06
1479	2.08501887729e-06
1480	1.21524810692e-05
1481	1.26979156072e-06
1482	1.73081097649e-06
1483	5.15859764628e-05
1484	3.681315292e-06
1485	3.65523712101e-05
1486	1.39283307868e-06
1487	4.29887459765e-06
1488	1.89217290626e-05
1489	1.3347771826e-06
1490	1.34818173078e-06
1491	1.88377310266e-05
1492	1.5840592363e-06
1493	1.29596760315e-06
1494	1.38044255714e-06
1495	1.91123512551e-06
1496	1.81474844318e-06
1497	2.66301963334e-06
1498	1.66483733251e-06
1499	1.16733776116e-06
1500	1.43243904374e-06
1501	2.72555006543e-06
1502	1.90207720303e-06
1503	1.39634329717e-06
1504	1.76204612403e-06
1505	2.59247633077e-06
1506	1.27037801532e-06
1507	1.53074266383e-06
1508	1.60563795577e-06
1509	4.88746524492e-05
1510	1.14002268659e-06
1511	1.8873645309e-06
1512	5.75037534158e-06
1513	3.59094139416e-05
1514	2.09974479113e-06
1515	1.96105382586e-06
1516	2.46676238336e-05
1517	6.06955965382e-06
1518	1.95298140307e-06
1519	4.51551102442e-06
1520	1.95496510557e-05
1521	2.19157885291e-06
1522	5.11638331953e-05
1523	3.93256410808e-05
1524	6.46811049267e-06
1525	2.16467382345e-06
1526	1.55614650383e-06
1527	2.19587869346e-06
1528	1.01485094067e-05
1529	1.84845381132e-06
1530	1.65447800901e-05
1531	1.46057426161e-06
1532	6.27988146032e-06
1533	1.3859707975e-06
1534	4.6437670108e-05
1535	1.02576406946e-05
1536	6.24085833623e-06
1537	2.43333066447e-06
1538	1.03013711242e-05
1539	1.30582088222e-05
1540	3.69798929296e-05
1541	1.46138022835e-06
1542	8.40548968472e-06
1543	1.93461141097e-06
1544	2.01604298345e-06
1545	5.71684555138e-06
1546	1.09863856772e-06
1547	1.85332241956e-05
1548	1.4345843688e-06
1549	6.07086951213e-06
1550	1.53770658647e-06
1551	2.58905617058e-05
1552	1.19382678319e-06
1553	4.33273069228e-06
1554	2.53218979912e-05
1555	1.76425487038e-06
1556	3.95052209363e-06
1557	2.22575425262e-05
1558	1.09838872925e-06
1559	2.70626173706e-05
1560	1.0838653986e-06
1561	3.92337960434e-06
1562	1.70660880378e-06
1563	1.95977389615e-05
1564	1.81738309128e-06
1565	2.19683704027e-06
1566	1.39831757745e-06
1567	1.75147720283e-06
1568	1.32341025995e-06
1569	2.18917183483e-06
1570	1.96182100739e-05
1571	8.2088902503e-06
1572	5.99759348291e-06
1573	2.16424004728e-06
1574	1.05086154975e-05
1575	1.5639489143e-06
1576	1.85264302894e-06
1577	0.00715947873436
1578	1.52705279767e-06
1579	1.14636516677e-06
1580	1.26131043784e-05
1581	1.0838653986e-06
1582	1.61077722302e-06
1583	2.19293211149e-06
1584	2.92799233484e-05
1585	2.16429378084e-06
1586	1.0976449788e-06
1587	1.72871234854e-06
1588	1.60865891561e-06
1589	2.98236511088e-05
1590	4.22681187069e-05
1591	2.17839546696e-06
1592	1.37160419522e-06
1593	1.71933709576e-06
1594	2.57764644013e-06
1595	1.81540824589e-06
1596	1.98729587512e-06
1597	1.70448871396e-05
1598	1.83595962505e-05
1599	1.31507249572e-06
1600	1.67496852111e-05
1601	1.34774076742e-06
1602	1.26713043385e-06
1603	2.2944067e-05
1604	2.05588969261e-05
1605	1.38378929151e-05
1606	1.8926582934e-06
1607	1.11396677708e-06
1608	1.90174871875e-05
1609	1.41997524419e-05
1610	2.4507896375e-05
1611	2.04514849003e-06
1612	2.79593844528e-05
1613	2.66610309515e-05
1614	1.20813612445e-05
1615	1.63635307276e-06
1616	2.50996899965e-06
1617	4.69351331533e-05
1618	7.62447964442e-05
1619	1.6111741881e-05
1620	1.63394739595e-05
1621	5.53028622703e-05
1622	2.50342869795e-05
1623	1.48976887847e-05
1624	1.51765953133e-06
1625	1.64063354486e-06
1626	3.34926859982e-05
1627	1.09780366734e-06
1628	2.04113301414e-06
1629	1.29245258665e-06
1630	2.588536436e-06
1631	1.33687280168e-06
1632	1.30720368078e-05
1633	1.3872874208e-06
1634	1.51789162343e-06
1635	1.48719807243e-06
1636	2.01652789158e-06
1637	1.58860329059e-05
1638	1.54851428118e-06
1639	1.27520107965e-05
1640	1.14381818098e-06
1641	1.86118505223e-06
1642	2.3303089427e-06
1643	1.69359909001e-05
1644	9.66184071304e-06
1645	2.50990599705e-06
1646	1.98518431252e-06
1647	1.68285259013e-06
1648	1.28720389256e-06
1649	1.48786757069e-06
1650	1.37457961191e-06
1651	1.54330913738e-06
1652	1.07853360292e-05
1653	1.06269480429e-05
1654	1.22951741648e-06
1655	1.72892449973e-06
1656	3.06578498592e-06
1657	1.13706179705e-06
1658	2.13729879084e-06
1659	1.27099408758e-05
1660	1.70092363598e-06
1661	2.0821285904e-06
1662	2.16082641378e-05
1663	6.09150246267e-05
1664	1.1286920618e-06
1665	1.78044794241e-05
1666	4.58307807537e-05
1667	1.33586001353e-06
1668	1.86641853682e-05
1669	2.20673967684e-05
1670	1.53247778204e-06
1671	1.74140210469e-06
1672	1.34220190638e-06
1673	2.28911837557e-06
1674	4.37745965294e-06
1675	1.74666717597e-05
1676	1.27588239243e-06
1677	2.03536095547e-06
1678	2.31985545047e-06
1679	1.94907194076e-06
1680	1.99499175794e-06
1681	1.3873334468e-06
1682	1.58755010342e-06
1683	1.85753058086e-05
1684	6.19943388362e-06
1685	1.50466925153e-05
1686	1.53341665013e-06
1687	6.25082614535e-06
1688	1.49896421812e-05
1689	1.87259203371e-05
1690	1.12254110464e-06
1691	1.79471244541e-06
1692	6.22796734693e-06
1693	1.09799679869e-06
1694	1.9244802055e-06
1695	1.69962415963e-06
1696	1.33821865571e-06
1697	3.00024556166e-05
1698	1.94626244553e-06
1699	1.98116143523e-06
1700	3.20051399325e-06
1701	1.42974662905e-06
1702	7.22617926337e-05
1703	2.09238595797e-06
1704	1.34958787755e-06
1705	1.40050402982e-06
1706	1.63633336339e-06
1707	2.6455740527e-05
1708	1.2071780548e-06
1709	1.89266769701e-06
1710	2.56234312137e-06
1711	1.40233352587e-06
1712	1.49123793985e-05
1713	1.39161161281e-06
1714	2.74538039038e-05
1715	1.99607141199e-06
1716	1.81004876256e-06
1717	2.13693631907e-05
1718	0.00451560654191
1719	1.73728437427e-06
1720	1.75093853739e-06
1721	1.70527982336e-05
1722	8.53289736531e-06
1723	8.8323951848e-06
1724	7.8609184848e-06
1725	1.63851338382e-06
1726	1.88875049885e-06
1727	1.77468046131e-06
1728	1.45222465357e-06
1729	2.06519264069e-06
1730	3.14445901097e-05
1731	1.25511851138e-06
1732	1.68397831314e-06
1733	1.4040654291e-06
1734	8.63530655624e-06
1735	1.82749546655e-05
1736	2.33060931777e-05
1737	1.17011065562e-05
1738	1.53634261518e-06
1739	1.21797231736e-06
1740	5.80374420086e-06
1741	1.61078832857e-05
1742	2.05582329573e-06
1743	1.47140351677e-06
1744	2.09981213614e-06
1745	5.10190374831e-06
1746	2.70698211099e-05
1747	1.26394889453e-06
1748	1.19705273543e-06
1749	1.19221999751e-06
1750	1.9132041294e-05
1751	1.71140824593e-06
1752	1.6989408999e-05
1753	1.48023814304e-05
1754	8.30979000072e-06
1755	1.09621460884e-06
1756	1.24816985538e-06
1757	1.93797467332e-05
1758	2.21896877626e-06
1759	1.12370546784e-06
1760	1.12707302386e-06
1761	1.74819108428e-05
1762	1.14395933209e-06
1763	1.84513923383e-06
1764	1.38553227073e-06
1765	1.08371255102e-05
1766	1.998097018e-06
1767	2.13106732178e-06
1768	2.99049182633e-05
1769	3.23349732813e-05
1770	1.72246953196e-06
1771	3.29631360151e-06
1772	9.61408736188e-06
1773	1.56926308087e-06
1774	7.3262205607e-06
1775	1.80803570115e-06
1776	1.13706179705e-06
1777	8.82540401033e-06
1778	5.94104823185e-06
1779	2.53926281291e-06
1780	3.16760924138e-05
1781	1.39539648821e-06
1782	3.89934730021e-05
1783	2.49727715322e-06
1784	1.22380915759e-06
1785	1.40770387652e-06
1786	2.26556450637e-06
1787	1.44609239081e-06
1788	1.33344822864e-06
1789	1.41803170108e-05
1790	1.85281530551e-06
1791	2.00497978754e-05
1792	1.42431962055e-06
1793	2.28878593885e-05
1794	2.20106733636e-06
1795	1.37083058648e-05
1796	1.12488626607e-05
1797	1.3780129847e-06
1798	1.36261076142e-06
1799	2.2636709544e-05
1800	3.25793273332e-05
1801	1.55438674507e-06
1802	1.17825504041e-06
1803	1.40256174996e-06
1804	2.73716286274e-05
1805	4.44903916985e-06
1806	2.52495351383e-06
1807	2.59878078112e-06
1808	5.07120927125e-06
1809	1.53750332993e-05
1810	1.42764681133e-05
1811	1.07884479988e-05
1812	1.67568607147e-06
1813	2.35225050226e-05
1814	1.28372905611e-06
1815	1.36487536928e-06
1816	1.87034590776e-05
1817	3.11162925697e-05
1818	2.5965424803e-06
1819	1.41594897624e-05
1820	1.89275775809e-06
1821	4.92789353415e-06
1822	1.48490391849e-06
1823	1.9818759672e-05
1824	1.81914871017e-06
1825	1.94698084821e-06
1826	1.58068360943e-05
1827	2.73540634669e-05
1828	1.8270988551e-06
1829	1.32902330249e-06
1830	1.46610068566e-06
1831	1.6379904922e-06
1832	6.03425751676e-06
1833	2.75382639179e-05
1834	1.0838653986e-06
1835	5.49697855079e-05
1836	3.30244559106e-05
1837	1.40008571679e-06
1838	1.12737120362e-06
1839	2.38429308556e-05
1840	1.15821907594e-06
1841	1.66332753429e-06
1842	1.99817419832e-05
1843	7.04754241159e-06
1844	3.13342707851e-06
1845	1.45755038288e-05
1846	3.3731863476e-05
1847	1.40970504701e-06
1848	1.56823443835e-06
1849	1.89917436086e-05
1850	1.44237455415e-06
1851	7.21932236804e-06
1852	3.15083299758e-05
1853	1.32915017899e-06
1854	1.09254937302e-06
1855	1.17212502844e-06
1856	1.50129108228e-06
1857	1.93306875709e-06
1858	5.13409020262e-06
1859	1.64407467097e-06
1860	2.30101717994e-06
1861	1.38878398653e-05
1862	1.71549209092e-06
1863	3.6145851993e-05
1864	1.58393940814e-05
1865	2.23015661077e-06
1866	2.37955374629e-06
1867	1.81676713027e-05
1868	1.72916026855e-05
1869	1.27309507854e-06
1870	1.64092334631e-06
1871	2.10319241238e-06
1872	1.67602617429e-06
1873	1.59525918722e-06
1874	2.4544496907e-06
1875	1.45862837197e-06
1876	1.78095044623e-06
1877	1.01147869442e-05
1878	1.80340979715e-06
1879	2.3212441337e-05
1880	1.34687959647e-06
1881	3.23044367075e-06
1882	2.47419195176e-06
1883	4.14069100305e-05
1884	1.47057227513e-06
1885	2.75407356641e-06
1886	1.61946826708e-05
1887	1.2137396553e-06
1888	3.41077463668e-05
1889	1.19589199782e-06
1890	1.13189048043e-06
1891	1.28660322869e-05
1892	1.17844364712e-06
1893	2.1270755402e-06
1894	2.13423130904e-06
1895	1.39163073382e-06
1896	1.15206188894e-06
1897	2.40389500576e-06
1898	1.46694930854e-05
1899	2.0559643173e-06
1900	3.90209294894e-06
1901	1.5342784024e-06
1902	2.05735213705e-05
1903	1.56299677906e-06
1904	1.4196138729e-06
1905	1.38411664918e-06
1906	1.36106921309e-06
1907	1.64554814508e-06
1908	1.47287056366e-06
1909	3.48760710361e-05
1910	1.49654725473e-06
1911	3.38962468108e-05
1912	0.0954059176862
1913	0.000963150972653
1914	0.000844015261389
1915	0.00063036660097
1916	0.00301036136356
1917	0.0797555582318
1918	0.0692335860131
1919	0.000916011175862
1920	0.00624117728259
1921	0.000893337700475
1922	0.000650321031248
1923	0.00155925978873
1924	0.000646364305316
1925	0.0545889570877
1926	0.00556690363476
1927	0.000897246328847
1928	0.000749769851569
1929	0.0666966038678
1930	0.000724383768544
1931	0.000837465347768
1932	0.00514141966853
1933	0.000633228750399
1934	0.0006482522598
1935	0.000870209880083
1936	0.000722965920754
1937	0.000599679668689
1938	0.0800102860166
1939	0.00320858202232
1940	0.00464286358329
1941	0.0516805707288
1942	0.0111348661542
1943	0.0802562495487
1944	0.000989276921409
1945	0.00638970460107
1946	0.0803736769144
1947	0.0048753489933
1948	0.00550560674372
1949	0.000619764602837
1950	0.00064535447954
1951	0.000967706646754
1952	0.00123920420118
1953	0.0548995416634
1954	0.00345770534902
1955	0.00435073090146
1956	0.000614344786457
1957	0.000800318759307
1958	0.00077076598497
1959	0.00630465050923
1960	0.000803008076003
1961	0.00064416793763
1962	0.0795751467441
1963	0.038466601569
1964	0.00240867496394
1965	0.000791274259195
1966	0.0711232517209
1967	0.000591264785336
1968	0.000835849950232
1969	0.000699171005659
1970	0.00239463047316
1971	0.0747319451705
1972	0.00117042728383
1973	0.00114066650626
1974	0.000644848000758
1975	0.000817770280511
1976	0.000903418467968
1977	0.000647072739081
1978	0.000693030960236
1979	0.0738083991843
1980	0.000912170947388
1981	0.00213926536048
1982	0.0019489705238
1983	0.0803992840372
1984	0.0754726477545
1985	0.0827377892938
1986	0.0644584199671
1987	0.00205370224082
1988	0.000838370448102
1989	0.03869819696
1990	0.000715927155289
1991	0.000872184184079
1992	0.000672499768369
1993	0.0835325496543
1994	0.00459042232274
1995	0.000978984559063
1996	0.000607938726107
1997	0.0599087616167
1998	0.000901426653889
1999	0.000813430383523
2000	0.000782101397907
2001	0.000972992910136
2002	0.00456878097694
2003	0.00178589611977
2004	0.000915191397338
2005	0.0673733303479
2006	0.000868958678157
2007	0.0152311658966
2008	0.000627733826272
2009	0.000949937079264
2010	0.00392499064345
2011	0.000826840481056
2012	0.000673076403122
2013	0.000633067668778
2014	0.000634780702294
2015	0.000603622622283
2016	0.00068860751279
2017	0.000613177372323
2018	0.000962539376451
2019	0.00314898050164
2020	0.0693892627185
2021	0.0137968609745
2022	0.000902531560338
2023	0.000754143985346
2024	0.000930717687796
2025	0.000745218301872
2026	0.0104008082575
2027	0.000869598897056
2028	0.0052809129111
2029	0.00128358492819
2030	0.079651230084
2031	0.0015178261913
2032	0.00638123756542
2033	0.0737224482511
2034	0.00061499458379
2035	0.00074686018435
2036	0.000881804275436
2037	0.069474653462
2038	0.00434280360844
2039	0.00555904884229
2040	0.0632704820209
2041	0.000624084297048
2042	0.00496658086249
2043	0.0743263878224
2044	0.0073994838201
2045	0.0751870739192
2046	0.0557459380612
2047	0.00751924966819
2048	0.0020397959302
2049	0.000803896188679
2050	0.000709203502796
2051	0.000631083431269
2052	0.00531388707089
2053	0.00590977595217
2054	0.00670953889463
2055	0.0317820473664
2056	0.0440773206954
2057	0.00281978310499
2058	0.0307332486506
2059	0.0820647989782
2060	0.0444554943357
2061	0.00086679825147
2062	0.00620034878535
2063	0.0608702980837
2064	0.0786888156612
2065	0.00426960591505
2066	0.000741177718696
2067	0.00762984899709
2068	0.00614728903478
2069	0.070106005793
2070	0.000645248049366
2071	0.00644688745286
2072	0.0056792356708
2073	0.0822558695621
2074	0.0710115268274
2075	0.00207332543944
2076	0.000685551772851
2077	0.05653257759
2078	0.0841362907066
2079	0.000587569245423
2080	0.00067548281383
2081	0.00847643005384
2082	0.000695850460822
2083	0.0640363604145
2084	0.0566175483526
2085	0.000901680662331
2086	0.0601849431245
2087	0.00720470955999
2088	0.0824696192679
2089	0.000701430768851
2090	0.0809976473643
2091	0.00076370180468
2092	0.0115043415776
2093	0.0755792535654
2094	0.000610367021632
2095	0.0665161313158
2096	0.00109473937857
2097	0.000790261919266
2098	0.051789912019
2099	0.001215511567
2100	0.000616423272147
2101	0.00281874059123
2102	0.00587428653672
2103	0.0772286061555
2104	0.0776000581707
2105	0.000633239092201
2106	0.000598723436781
2107	0.00084327528924
2108	0.072342710432
2109	0.0597589774489
2110	0.00214056154409
2111	0.00713407118365
2112	0.0686498892375
2113	0.000632122316066
2114	0.000674770595405
2115	0.0601272826163
2116	0.00169509637022
2117	0.00567717600058
2118	0.0800760073296
2119	0.000661456206599
2120	0.000693420637862
2121	0.0692247432728
2122	0.0640866265899
2123	0.0836715359341
2124	0.0731322119236
2125	0.00571278871647
2126	0.000959733516254
2127	0.00496201813252
2128	0.00590351500717
2129	0.00076221100356
2130	0.00064221155821
2131	0.0821331171037
2132	0.00391076558731
2133	0.00548707820912
2134	0.00440902626041
2135	0.00454280713209
2136	0.032511593442
2137	0.00590262959974
2138	0.00634838455199
2139	0.0768208342603
2140	0.0738887434347
2141	0.00094501330435
2142	0.0841931957653
2143	0.00441671386766
2144	0.00403773067219
2145	0.00114348455922
2146	0.000695435549127
2147	0.012809251932
2148	0.00487884129788
2149	0.00553597214667
2150	0.0801549341982
2151	0.00472483545185
2152	0.000663588006446
2153	0.00718282328658
2154	0.0692197697758
2155	0.0014245587185
2156	0.000700881474277
2157	0.000854572928482
2158	0.000631162513414
2159	0.00087165590929
2160	0.000697493788619
2161	0.00337479238792
2162	0.000680088494047
2163	0.00259820564224
2164	0.0397659835002
2165	0.0560370058738
2166	0.000658155891826
2167	0.000602808655314
2168	0.00059503550934
2169	0.00488354436815
2170	0.000701925437859
2171	0.000995684549505
2172	0.0798922859355
2173	0.00075975988009
2174	0.00426287513956
2175	0.00077103546773
2176	0.00415373181879
2177	0.000901261449653
2178	0.00059546757554
2179	0.0419427251567
2180	0.00555578643359
2181	0.000658595410062
2182	0.000666795782341
2183	0.00654400605529
2184	0.077996628273
2185	0.000976385571063
2186	0.000825858486345
2187	0.00655617725973
2188	0.0809655344303
2189	0.0119872402889
2190	0.0726104272516
2191	0.00539164240855
2192	0.000828350056639
2193	0.000687688145926
2194	0.00560941225873
2195	0.000587569245423
2196	0.00555628367862
2197	0.000709924823874
2198	0.00240509237961
2199	0.00721617419488
2200	0.0728483433387
2201	0.0807427303619
2202	0.000871018852247
2203	0.00372761486751
2204	0.000598846357252
2205	0.000803299257896
2206	0.0860525184962
2207	0.00183112201171
2208	0.00451240412329
2209	0.00117521900463
2210	0.0423745397675
2211	0.0014374111218
2212	0.0620911772671
2213	0.0455646552266
2214	0.0014387330215
2215	0.00391996722987
2216	0.0587370255034
2217	0.000645907378957
2218	0.0841558560619
2219	0.00063466810217
2220	0.0821560237395
2221	0.00148488233346
2222	0.00156020729896
2223	0.00598615263783
2224	0.00600883875553
2225	0.000854025251717
2226	0.0020482505999
2227	0.00062302805777
2228	0.000796168747207
2229	0.0830078463062
2230	0.000655403361911
2231	0.00083155785902
2232	0.00283712730022
2233	0.0851734699086
2234	0.00623326884706
2235	0.00234530018204
2236	0.00076867837621
2237	0.0548389984289
2238	0.000639765767133
2239	0.00321067590707
2240	0.0830569647413
2241	0.00540079547746
2242	0.00242376912172
2243	0.00273613024941
2244	0.0833419814831
2245	0.000610437633474
2246	0.00476287576435
2247	0.00547375493757
2248	0.000706493362343
2249	0.00120944508078
2250	0.0048818177416
2251	0.000630771488688
2252	0.000896713187107
2253	0.0678722203903
2254	0.00346522514813
2255	0.000632812170073
2256	0.000660987298507
2257	0.0660537252665
2258	0.0213067490809
2259	0.00347964796952
2260	0.000705011520504
2261	0.0572493307509
2262	0.00263497514801
2263	0.000619826712416
2264	0.00352477121613
2265	0.000664712790726
2266	0.0869833383583
2267	0.00324167123401
2268	0.00457300792399
2269	0.000587569245423
2270	0.000716505454393
2271	0.0769419981406
2272	0.00125510078038
2273	0.00398791252369
2274	0.00147970118274
2275	0.0789107996896
2276	0.0665971595249
2277	0.000721894181135
2278	0.0726193979142
2279	0.0069289554614
2280	0.00258216089242
2281	0.000618070288544
2282	0.00644653290961
2283	0.00705438609067
2284	0.000908758603632
2285	0.00316244758556
2286	0.000737128928447
2287	0.0304630223027
2288	0.00394863794047
2289	0.00585231541983
2290	0.0790393370067
2291	0.00127488790513
2292	0.00806271392453
2293	0.00446203896692
2294	0.00425992104091
2295	0.00167629843083
2296	0.00108471335857
2297	0.000805651292042
2298	0.00131560348995
2299	0.0674915603397
2300	0.0472735441998
2301	0.000624402166636
2302	0.0071579381182
2303	0.00836602317373
2304	0.00241674117981
2305	0.00106895657381
2306	0.0509503379953
2307	0.0625924428609
2308	0.068584612616
2309	0.0820219382672
2310	0.00102649843249
2311	0.0213814577378
2312	0.000859696864095
2313	0.00208438758499
2314	0.000712961727912
2315	0.00430366861083
2316	0.000662670284395
2317	0.000798111357748
2318	0.00109031843564
2319	0.00630131458989
2320	0.000677101116789
2321	0.000619812319942
2322	0.00113455654259
2323	0.0773341560574
2324	0.0801826331431
2325	0.00221789323846
2326	0.077015709796
2327	0.00533637077462
2328	0.0077911529739
2329	0.0546469897092
2330	0.00225575104836
2331	0.0794341240656
2332	0.00520973204206
2333	0.00758343467753
2334	0.0574749771584
2335	0.000793821603155
2336	0.00787541326391
2337	0.00079894263311
2338	0.00588757210654
2339	0.0756719040524
2340	0.0830534757899
2341	0.000701354004662
2342	0.000767314055161
2343	0.00389203919927
2344	0.00485052968614
2345	0.00272785990873
2346	0.000780558512257
2347	0.080321034253
2348	0.0662186955667
2349	0.000693351417027
2350	0.0084500948841
2351	0.00607813506694
2352	0.0726049335448
2353	0.0379371322076
2354	0.0760110905341
2355	0.00195553301384
2356	0.07525157776
2357	0.000642500236212
2358	0.000660189960366
2359	0.0653753347935
2360	0.000637418107176
2361	0.000890914218084
2362	0.000931110451076
2363	0.0728512606446
2364	0.000977089170472
2365	0.000921689398928
2366	0.00118988170001
2367	0.00209766843304
2368	0.00346083457065
2369	0.0817573218512
2370	0.0694259065305
2371	0.000812760934777
2372	0.00501554132639
2373	0.000636899696453
2374	0.0734536189546
2375	0.000616318818447
2376	0.0746190973238
2377	0.00386136516804
2378	0.000914729975101
2379	0.00173735580778
2380	0.000605249288393
2381	0.0756063228719
2382	0.000591421432521
2383	0.00798557322415
2384	0.00806037209873
2385	0.00375853830414
2386	0.0622038344611
2387	0.0141147776114
2388	0.00061725428672
2389	0.00105015923346
2390	0.00217958037571
2391	0.0264319715256
2392	0.0407196250611
2393	0.00816076151341
2394	0.00388166961184
2395	0.0757403658153
2396	0.00250825488721
2397	0.000785565575957
2398	0.00672799360112
2399	0.00338091858597
2400	0.00100992320823
2401	0.00124913516897
2402	0.000661260879117
2403	0.000703113015465
2404	0.0701136637573
2405	0.000674045207744
2406	0.00107235050456
2407	0.0399729046618
2408	0.0674318667832
2409	0.0755489329378
2410	0.0835176266603
2411	0.000782005120162
2412	0.000720293776332
2413	0.000901922668869
2414	0.0775520072065
2415	0.00156305637585
2416	0.00110510908177
2417	0.00301086162575
2418	0.0523145191712
2419	0.00411144363075
2420	0.0055553422559
2421	0.000613602976285
2422	0.000612331688774
2423	0.0711962174109
2424	0.00063411267237
2425	0.00145530755506
2426	0.00162797470672
2427	0.00742178883983
2428	0.0787253477244
2429	0.0320750341087
2430	0.0635273381398
2431	0.00061224190113
2432	0.00122937642824
2433	0.0647705010031
2434	0.00315132816033
2435	0.000732157247223
2436	0.00495282525679
2437	0.000602511100671
2438	0.00317433318456
2439	0.000631674736708
2440	0.0008246240997
2441	0.000608378135727
2442	0.00124224950984
2443	0.00460681112496
2444	0.000677396790509
2445	0.00338577433578
2446	0.0696132018209
2447	0.000908483802296
2448	0.000786389248151
2449	0.0130874883117
2450	0.000640622168271
2451	0.00574134723277
2452	0.000687506055347
2453	0.000746380611688
2454	0.00487887154353
2455	0.000666161749631
2456	0.000625494644807
2457	0.000587569245423
2458	0.00454632575385
2459	0.000952672182682
2460	0.0726923784489
2461	0.00529751050355
2462	0.0400670684619
2463	0.00559222251837
2464	0.0842788984829
2465	0.00342190474567
2466	0.000657598909183
2467	0.0574164912973
2468	0.0628247350385
2469	0.0608965585737
2470	0.000587569245423
2471	0.00608669782772
2472	0.0041356888658
2473	0.00228079557493
2474	0.000804157596006
2475	0.0044879459953
2476	0.0116313119364
2477	0.0501038732248
2478	0.0321868861211
2479	0.00180046983666
2480	0.000959052331518
2481	0.000595220226434
2482	0.0695208105522
2483	0.000595072563713
2484	0.0554490071484
2485	0.0601191700029
2486	0.000688795123397
2487	0.000618070288544
2488	0.000782580389674
2489	0.0476063383264
2490	0.000740908494486
2491	0.00577430220758
2492	0.0763773869052
2493	0.000655289320751
2494	0.000811299319386
2495	0.0622689907267
2496	0.00179367932816
2497	0.000739146909839
2498	0.00350833201667
2499	0.0368283642327
2500	0.0769495886369
2501	0.00721835091605
2502	0.00220147367899
2503	0.000698618040834
2504	0.0656697828129
2505	0.000614858043964
2506	0.0533369107241
2507	0.0832732370897
2508	0.005109334525
2509	0.00510516398491
2510	0.00662240052535
2511	0.00648795494324
2512	0.0089676692845
2513	0.000681117538474
2514	0.000694542881583
2515	0.000663996390495
2516	0.00471623094973
2517	0.000654386137038
2518	0.00455542476392
2519	0.00208775714124
2520	0.0711940619279
2521	0.0617822150127
2522	0.00143656042411
2523	0.000666449624188
2524	0.00514325175798
2525	0.00117621064407
2526	0.0752301728921
2527	0.000623270520027
2528	0.000619879638097
2529	0.00152320754601
2530	0.00399756086281
2531	0.0015034888939
2532	0.0482988302784
2533	0.00599620047619
2534	0.00071523316413
2535	0.000627974855311
2536	0.0259796915916
2537	0.00378091228243
2538	0.000961489127521
2539	0.0617081861205
2540	0.000801299191681
2541	0.000591421432521
2542	0.0789914897367
2543	0.0728705787762
2544	0.00233635771656
2545	0.00149424197078
2546	0.0621284454852
2547	0.00361743715267
2548	0.000624109196705
2549	0.0709305672604
2550	0.0694844360101
2551	0.0667535101539
2552	0.0500944038587
2553	0.0741110737004
2554	0.0423723868376
2555	0.00656591587254
2556	0.056952204559
2557	0.00109425860683
2558	0.000682100861601
2559	0.0719399890566
2560	0.0807864762446
2561	0.0665864022276
2562	0.000657072726897
2563	0.0487440155836
2564	0.0789514865563
2565	0.000607938726107
2566	0.000894596215748
2567	0.00729633988037
2568	0.000793538700498
2569	0.000587569245423
2570	0.000677538345966
2571	0.00159044750498
2572	0.00218237161538
2573	0.0669665929882
2574	0.0446695990917
2575	0.0593991964931
2576	0.0163907574737
2577	0.000677887289559
2578	0.0719971843905
2579	0.0524511200872
2580	0.00065329541138
2581	0.00208635566879
2582	0.00484144060604
2583	0.000881502494215
2584	0.00227746455799
2585	0.000816200606489
2586	0.0804232072121
2587	0.00066590806201
2588	0.00404946956458
2589	0.00322644829859
2590	0.0820022956142
2591	0.0430349864726
2592	0.00655329718316
2593	0.0791300360338
2594	0.00485056462059
2595	0.000595072563713
2596	0.000587569245423
2597	0.00655284710147
2598	0.00691817266482
2599	0.00143529934989
2600	0.075829096915
2601	0.0801426672718
2602	0.0814939296149
2603	0.0022242867847
2604	0.0820705290377
2605	0.00190793602088
2606	0.0345379984857
2607	0.0812454932622
2608	0.00432970614265
2609	0.00352643525599
2610	0.00129832071291
2611	0.0815465688547
2612	0.000992813794214
2613	0.0139195025229
2614	0.000677946635355
2615	0.078645764897
2616	0.00435240390304
2617	0.00444842355217
2618	0.000744810120979
2619	0.0703762149587
2620	0.000918856217894
2621	0.000616132149085
2622	0.00214850461988
2623	0.0565165562828
2624	0.0794021552015
2625	0.079274046489
2626	0.000761924317606
2627	0.000844578373647
2628	0.000756185156381
2629	0.00639760342331
2630	0.0743802303717
2631	0.0505030886935
2632	0.000621339792796
2633	0.000811661854638
2634	0.000603910119458
2635	0.00113185646646
2636	0.000816286183206
2637	0.00118356101722
2638	0.0725046761555
2639	0.000810973449047
2640	0.000962986299766
2641	0.000882369275652
2642	0.0052227956478
2643	0.00520226234021
2644	0.000757450555318
2645	0.000900390744568
2646	0.0572336310317
2647	0.000863251992712
2648	0.000870827251983
2649	0.00524596028474
2650	0.000685295305057
2651	0.000631081743359
2652	0.00186299161384
2653	0.00362447355392
2654	0.0668673406139
2655	0.0733915334418
2656	0.000671526577829
2657	0.000865294624098
2658	0.000793908985846
2659	0.000897975665811
2660	0.000840178310281
2661	9.05219124679e-08
2662	5.49649842019e-08
2663	4.67688941736e-08
2664	7.384334799e-08
2665	6.61545613616e-08
2666	6.4341556688e-08
2667	4.44728941866e-08
2668	4.98316834138e-08
2669	7.96202286731e-08
2670	4.30091045261e-08
2671	3.998500889e-08
2672	5.67571257904e-08
2673	5.00162761409e-08
2674	7.72872831985e-08
2675	5.30033042264e-08
2676	7.35960914426e-08
2677	3.32493807113e-07
2678	8.80656774067e-08
2679	7.68895596094e-08
2680	6.10097924841e-08
2681	5.68564940919e-08
2682	4.75437047059e-08
2683	6.88293615182e-08
2684	5.28987807753e-08
2685	4.68497349147e-08
2686	4.87238280193e-08
2687	4.69105626849e-08
2688	4.81231449758e-08
2689	6.68112770299e-08
2690	5.2187092752e-08
2691	3.87958554081e-08
2692	4.04266021691e-08
2693	3.54495342387e-07
2694	7.81906948062e-08
2695	4.22429564131e-08
2696	4.84782882217e-08
2697	4.54983059506e-08
2698	6.86546624346e-08
2699	4.14717083804e-08
2700	4.44507673175e-08
2701	5.17527895358e-08
2702	4.65709421513e-08
2703	4.27653467082e-08
2704	7.1718400278e-08
2705	4.9702352954e-08
2706	6.53715768975e-08
2707	3.27278368275e-07
2708	5.74915367463e-08
2709	4.18820760428e-08
2710	4.21684821622e-08
2711	5.09974977705e-08
2712	6.06020498731e-08
2713	5.09274340054e-08
2714	4.07945040905e-08
2715	4.98401819074e-08
2716	8.62702949446e-08
2717	6.20032381847e-08
2718	8.45116433747e-08
2719	9.54324822667e-08
2720	6.43257864997e-08
2721	3.998500889e-08
2722	4.10358428215e-08
2723	4.24253903872e-08
2724	1.09256303877e-07
2725	7.0696750385e-08
2726	4.35451599805e-08
2727	4.44611346648e-08
2728	5.37528395133e-08
2729	6.23403609791e-08
2730	7.88544689787e-08
2731	4.89229190643e-08
2732	4.004888555e-08
2733	5.10136232261e-08
2734	6.50716672799e-08
2735	6.8883690289e-08
2736	4.1395543191e-08
2737	4.95588549521e-08
2738	7.09042655459e-08
2739	5.10272072171e-08
2740	7.1718400278e-08
2741	6.10807211923e-08
2742	9.83680218937e-08
2743	5.81433985261e-08
2744	5.57441139594e-08
2745	5.12111803977e-08
2746	4.50078803668e-08
2747	6.51579509203e-08
2748	7.51166303006e-08
2749	6.07870127047e-08
2750	7.50837917231e-08
2751	5.26234692336e-08
2752	7.67878549762e-08
2753	6.75211684101e-08
2754	8.81224222406e-08
2755	7.64882387864e-08
2756	5.63581219872e-08
2757	7.37199044067e-08
2758	5.88445718472e-08
2759	4.58282143869e-08
2760	7.72253458146e-08
2761	4.88339331311e-08
2762	4.92403915406e-08
2763	6.32012498751e-08
2764	4.18496375845e-07
2765	6.39644611412e-08
2766	4.25281265132e-08
2767	3.96412933283e-08
2768	5.55210867236e-08
2769	4.2009255216e-08
2770	6.19190004214e-08
2771	4.41394975638e-08
2772	5.03053642316e-08
2773	6.13344441153e-08
2774	3.95358718955e-08
2775	8.84737435687e-08
2776	3.9566201386e-08
2777	7.37093260779e-08
2778	9.29144480643e-08
2779	4.65204302948e-08
2780	6.76508354607e-08
2781	7.67177391811e-08
2782	7.95577756707e-08
2783	5.33439992373e-08
2784	5.04646994937e-08
2785	5.78541124218e-08
2786	8.03741467253e-08
2787	6.10633015915e-08
2788	3.85589757005e-08
2789	4.40384178861e-08
2790	4.17069210849e-08
2791	4.21462181735e-08
2792	3.87958554081e-08
2793	8.63495545657e-08
2794	4.51382650735e-08
2795	4.99408259383e-08
2796	7.19914179214e-08
2797	5.19276006159e-08
2798	3.90730910498e-08
2799	4.00762002039e-08
2800	7.3551421991e-08
2801	4.16506720628e-08
2802	4.46178698543e-08
2803	4.79327688427e-08
2804	4.12439219465e-08
2805	4.02309665873e-08
2806	5.77987319708e-08
2807	4.472376489e-08
2808	3.89622015651e-08
2809	4.43228141793e-08
2810	6.17594975259e-08
2811	4.11510111987e-08
2812	4.9021107325e-08
2813	8.94809707778e-08
2814	3.66641029984e-06
2815	6.29844043435e-08
2816	4.21459777738e-08
2817	3.92942520606e-08
2818	4.42570895002e-08
2819	5.07294145812e-08
2820	4.35258096638e-08
2821	4.2453379988e-08
2822	3.7226859999e-07
2823	5.74115597015e-08
2824	3.998500889e-08
2825	6.07016873636e-08
2826	3.37179812148e-07
2827	7.05419889928e-08
2828	8.14662749995e-08
2829	5.04173478967e-08
2830	4.85096418855e-08
2831	4.65450338941e-08
2832	4.98722832891e-08
2833	8.52503377183e-08
2834	4.04754825418e-08
2835	5.74962014185e-08
2836	5.09321398744e-08
2837	4.22054204022e-08
2838	3.72274263902e-06
2839	9.40752759309e-08
2840	5.38247280735e-08
2841	5.0590063034e-08
2842	3.83157976341e-08
2843	5.05034020225e-08
2844	5.32440673851e-08
2845	5.59042448123e-08
2846	4.8545014436e-08
2847	6.86746686284e-08
2848	4.58881349461e-08
2849	8.27003952438e-08
2850	5.25743087699e-08
2851	4.48955175768e-08
2852	4.29046442878e-08
2853	7.36401254921e-08
2854	5.15050134202e-08
2855	3.96751400526e-08
2856	4.78329604131e-08
2857	3.8568300495e-08
2858	4.56939001471e-08
2859	5.00265962298e-08
2860	3.97927369967e-08
2861	4.08027351216e-08
2862	6.84550281576e-08
2863	9.18007441724e-08
2864	7.0354435224e-08
2865	6.10608198107e-08
2866	7.16475120036e-08
2867	7.20634527304e-08
2868	4.54239001417e-08
2869	3.92815098714e-07
2870	4.8196749743e-08
2871	5.60485437974e-08
2872	7.10380303551e-08
2873	6.77784322291e-08
2874	5.67669647758e-08
2875	6.94908423883e-08
2876	4.38261803896e-08
2877	8.17387157613e-08
2878	4.38320255803e-08
2879	4.22614176784e-08
2880	6.66218980189e-08
2881	6.03584300174e-08
2882	4.38246402448e-08
2883	6.6718765951e-07
2884	4.00003276528e-08
2885	3.72433056421e-06
2886	4.08955097818e-08
2887	5.38459243352e-08
2888	4.28112226487e-08
2889	4.31119389303e-08
2890	7.39471721524e-08
2891	4.68046296911e-08
2892	8.74450420334e-08
2893	4.03813987407e-08
2894	9.15427285826e-08
2895	4.15362274382e-08
2896	5.94834110025e-08
2897	6.16968870746e-08
2898	4.23814156756e-08
2899	3.96811939277e-08
2900	4.34358399196e-08
2901	9.69352168735e-08
2902	3.98041261268e-08
2903	6.10572264519e-08
2904	6.87296332114e-08
2905	7.04232151028e-08
2906	7.8055420283e-08
2907	5.09277434025e-08
2908	5.01473286726e-08
2909	7.04154714636e-08
2910	7.44748517679e-08
2911	6.80266003909e-08
2912	6.4813916684e-08
2913	7.06790825979e-08
2914	5.94951544027e-08
2915	7.52664934564e-08
2916	7.56948092413e-08
2917	4.54251135244e-08
2918	6.91055434609e-08
2919	6.84736431966e-08
2920	6.99172597872e-08
2921	5.84193317645e-08
2922	3.8821258234e-08
2923	5.14469206791e-08
2924	5.43756231213e-08
2925	7.18567059467e-08
2926	4.08407087118e-08
2927	7.7387754131e-08
2928	7.41687952286e-08
2929	5.78724215571e-08
2930	4.004888555e-08
2931	5.9206813589e-08
2932	5.68828700877e-08
2933	4.44645267169e-08
2934	4.92578928631e-08
2935	4.38112563978e-08
2936	6.8749872595e-08
2937	7.33857860148e-08
2938	6.36609038293e-08
2939	7.72930413282e-08
2940	6.60765499828e-08
2941	7.76090706048e-08
2942	4.23905070533e-08
2943	7.21638391167e-08
2944	8.17129735963e-08
2945	6.01776115243e-08
2946	8.88965242296e-08
2947	4.89319098716e-08
2948	4.57991855894e-08
2949	4.74300305418e-08
2950	6.47691577276e-08
2951	8.87063801404e-08
2952	3.91139828998e-08
2953	5.22528702324e-08
2954	4.39273427175e-08
2955	5.86363307692e-08
2956	7.85731367426e-08
2957	4.9219015388e-08
2958	5.98814215458e-08
2959	4.25083431289e-08
2960	7.73925619252e-08
2961	4.19920982676e-08
2962	8.09774710891e-08
2963	3.93454769992e-08
2964	8.50168296877e-08
2965	4.53322656616e-08
2966	8.30626771693e-08
2967	4.67702069473e-08
2968	3.69084056785e-07
2969	6.89719098823e-08
2970	6.31242414175e-08
2971	6.03380556142e-08
2972	4.2507044526e-08
2973	7.47652544039e-08
2974	6.36637045525e-08
2975	3.88324592781e-08
2976	9.0380060822e-08
2977	5.11014027688e-08
2978	4.59489137281e-08
2979	3.50402299153e-07
2980	4.20576579112e-08
2981	4.7120354057e-08
2982	4.20031805481e-08
2983	4.49292527774e-08
2984	5.1438985251e-08
2985	6.46620494807e-08
2986	8.04812458384e-08
2987	4.88555755864e-08
2988	6.39955911809e-08
2989	6.71000969039e-08
2990	4.30336186154e-08
2991	7.3820346839e-08
2992	7.53851772699e-08
2993	6.08632982344e-08
2994	6.45429227977e-08
2995	4.48032672321e-08
2996	5.63078321146e-08
2997	4.41429209425e-08
2998	3.90255801911e-08
2999	8.18095268444e-08
3000	7.62128087759e-08
3001	9.26782677199e-08
3002	7.810956347e-08
3003	3.72274263902e-06
3004	6.13111190005e-08
3005	8.74823995054e-08
3006	3.88844212121e-08
3007	5.05400785931e-08
3008	4.22645853111e-08
3009	4.59690765649e-08
3010	4.91708512499e-08
3011	9.82277002073e-08
3012	4.3124305398e-08
3013	4.71011316095e-08
3014	5.5965018221e-08
3015	4.15760375834e-08
3016	5.23483736872e-08
3017	7.59835212343e-08
3018	5.5671387236e-08
3019	1.23605671515e-07
3020	3.61461839571e-07
3021	6.78849663041e-08
3022	7.28885629652e-08
3023	5.18773463857e-08
3024	4.43571362966e-08
3025	5.88695941023e-08
3026	7.7392909398e-08
3027	6.7429077946e-08
3028	4.14603746073e-08
3029	5.97052136805e-08
3030	4.04605777066e-08
3031	3.83157976341e-08
3032	4.81034071822e-08
3033	7.59083069933e-08
3034	8.28248116563e-08
3035	8.59109560287e-08
3036	5.29898383774e-08
3037	3.87958554081e-08
3038	8.12438214791e-08
3039	4.93978926689e-08
3040	6.06451292762e-08
3041	5.03966069592e-08
3042	4.55624289942e-08
3043	4.99488326803e-08
3044	4.04192985757e-08
3045	4.01466709027e-08
3046	5.46874963811e-08
3047	6.0154254704e-08
3048	4.31973131869e-08
3049	8.03652866253e-08
3050	4.38198751595e-08
3051	9.12030124455e-08
3052	5.7880219439e-08
3053	4.05720376849e-08
3054	7.31805403258e-08
3055	3.95358718955e-08
3056	7.11596445855e-08
3057	9.80835536998e-08
3058	4.38013203927e-08
3059	3.93889831425e-08
3060	8.15603127287e-08
3061	4.73420136063e-08
3062	7.33119663169e-08
3063	4.31387975251e-08
3064	6.60601898809e-08
3065	6.13283819057e-08
3066	4.21365134588e-08
3067	4.29672904434e-08
3068	4.55156492109e-08
3069	4.69505866462e-08
3070	7.1447298962e-08
3071	3.83157976341e-08
3072	6.65834909121e-08
3073	6.34220376576e-08
3074	3.95358718955e-08
3075	4.69271998652e-08
3076	8.41876367427e-08
3077	6.75602767404e-08
3078	8.11783713024e-08
3079	7.34443838723e-08
3080	4.75625163848e-08
3081	5.28210929478e-08
3082	9.7580794195e-08
3083	4.28881367753e-08
3084	6.77258544696e-08
3085	6.03957357374e-08
3086	5.79803211934e-08
3087	6.05122696009e-08
3088	4.20279589024e-08
3089	6.61232631434e-08
3090	8.0366061981e-08
3091	3.998500889e-08
3092	4.22266076475e-08
3093	4.4072161041e-08
3094	4.11232167837e-08
3095	4.29282313842e-08
3096	7.1088268224e-08
3097	7.73577779865e-08
3098	6.62482906083e-08
3099	4.09499425157e-08
3100	3.74201680353e-07
3101	3.91922800874e-07
3102	6.62898363638e-08
3103	4.74535028154e-08
3104	7.17148277827e-08
3105	4.13488977373e-08
3106	6.93504673107e-08
3107	6.25960059453e-08
3108	6.58478641213e-08
3109	4.48971050683e-08
3110	4.64817755581e-08
3111	3.44462407442e-07
3112	4.3405665361e-08
3113	7.4915468981e-08
3114	5.52848862139e-08
3115	7.13444416112e-08
3116	9.33501009022e-08
3117	8.8875822695e-08
3118	6.62341289e-08
3119	6.61774616428e-08
3120	7.46460781666e-08
3121	3.92095915002e-08
3122	4.03271568582e-08
3123	5.05390064505e-08
3124	7.24220743303e-08
3125	3.87346720916e-08
3126	4.01365435907e-08
3127	3.95358718955e-08
3128	4.09162841001e-08
3129	5.21092591884e-08
3130	4.19260116478e-08
3131	4.004888555e-08
3132	8.40194639553e-08
3133	4.4325194955e-08
3134	3.8624265771e-08
3135	5.1945844894e-08
3136	7.87020454624e-08
3137	5.59334335555e-08
3138	4.42845972294e-08
3139	4.45899168325e-08
3140	6.96844354466e-08
3141	4.08105781267e-08
3142	6.26225693543e-08
3143	3.91561667646e-08
3144	4.39661524093e-08
3145	8.06748816033e-08
3146	7.06319701963e-08
3147	3.92942520606e-08
3148	5.08593261832e-08
3149	6.64459344736e-08
3150	8.89933459311e-08
3151	4.40329105606e-08
3152	8.43886042274e-08
3153	4.16354970275e-08
3154	7.92477257055e-08
3155	4.35725760002e-08
3156	4.62074271975e-08
3157	4.58889768429e-08
3158	5.90081576952e-08
3159	4.13002740281e-08
3160	5.36445578141e-08
3161	4.5762146306e-08
3162	9.92389707327e-08
3163	4.76553576044e-08
3164	1.05099011781e-07
3165	7.68475162219e-08
3166	5.31660456342e-08
3167	4.63653555861e-08
3168	1.12286079715e-07
3169	7.55325367892e-08
3170	5.16991304114e-08
3171	4.51287443816e-08
3172	7.6227093471e-08
3173	3.6741956585e-06
3174	7.0814472612e-08
3175	4.00423948858e-08
3176	4.97601465857e-08
3177	5.72923014879e-08
3178	6.60481331324e-08
3179	1.01830531953e-07
3180	4.004888555e-08
3181	4.004888555e-08
3182	7.68997034948e-08
3183	3.83157976341e-08
3184	6.28660473077e-08
3185	8.61456577993e-08
3186	3.30370797401e-07
3187	5.21487880255e-08
3188	6.33431717895e-08
3189	4.71673497382e-08
3190	4.36832313157e-08
3191	5.95344251332e-08
3192	4.6178026899e-08
3193	4.76469517851e-08
3194	4.47641809357e-08
3195	6.92744237398e-08
3196	5.86522661634e-08
3197	4.11548750313e-08
3198	7.95643661958e-08
3199	5.02356393284e-08
3200	4.08091878286e-08
3201	1.07604446742e-07
3202	4.29280766703e-08
3203	5.20327816182e-08
3204	6.20196718814e-08
3205	8.62099692232e-08
3206	6.48252578893e-08
3207	5.56184101679e-08
3208	4.29850384536e-08
3209	4.75507575248e-08
3210	6.67204086899e-08
3211	4.88359705596e-08
3212	5.2978171515e-08
3213	5.26096808556e-08
3214	6.51631024566e-08
3215	4.81971365941e-08
3216	3.9823778453e-08
3217	4.02937772587e-08
3218	4.03271568582e-08
3219	5.66582704932e-08
3220	6.072847853e-08
3221	7.11702286536e-08
3222	6.50512611982e-07
3223	5.15683412242e-08
3224	6.65951300789e-08
3225	5.36742445689e-08
3226	7.21941861249e-08
3227	3.95265131041e-08
3228	5.37377656267e-08
3229	4.24966127692e-08
3230	3.83157976341e-08
3231	4.64978027673e-08
3232	8.24334101167e-08
3233	1.02860588186e-07
3234	5.04771450928e-08
3235	4.17796659148e-08
3236	4.75055124706e-08
3237	4.87632296008e-08
3238	5.52247746689e-08
3239	7.36545877497e-08
3240	7.15507207655e-08
3241	4.47765250081e-08
3242	4.30624711899e-08
3243	4.95439703485e-08
3244	4.34336245514e-08
3245	6.63612741245e-07
3246	4.48006346039e-08
3247	7.35818673805e-08
3248	3.45486972478e-07
3249	4.30989969595e-08
3250	5.34612544025e-08
3251	4.03031635344e-08
3252	8.6644881267e-08
3253	6.6657111301e-08
3254	4.28378196987e-08
3255	5.17835440058e-08
3256	6.59124718099e-08
3257	5.47990637918e-08
3258	3.64809623098e-07
3259	5.34566376279e-08
3260	4.99852995874e-08
3261	6.66485656053e-08
3262	5.03193588574e-08
3263	7.16038440276e-07
3264	5.11109008783e-08
3265	3.48755551131e-07
3266	4.48880677442e-08
3267	7.75551185671e-08
3268	3.85543302239e-08
3269	4.05500766799e-08
3270	4.2379756458e-08
3271	3.93041352042e-08
3272	5.75056691752e-08
3273	4.99683906633e-08
3274	6.97828063352e-08
3275	5.16426929519e-08
3276	4.56217212774e-08
3277	7.74711241266e-08
3278	6.95773599945e-07
3279	5.2614465023e-08
3280	9.32257335406e-08
3281	4.31391941319e-08
3282	3.88037043839e-08
3283	4.22483551781e-08
3284	6.88948483377e-08
3285	4.90804524164e-08
3286	4.67526716655e-08
3287	6.477687025e-08
3288	6.23069395004e-08
3289	3.43577625056e-07
3290	3.98028325502e-06
3291	9.49144116914e-08
3292	4.2476842051e-08
3293	6.25263978809e-08
3294	4.67461692733e-08
3295	9.72252706647e-08
3296	5.89759829909e-08
3297	7.62378136462e-08
3298	5.95551544849e-08
3299	6.55303777269e-08
3300	4.32860083129e-08
3301	5.49404886594e-08
3302	7.87982705387e-08
3303	5.13617894988e-08
3304	8.88150251713e-08
3305	3.96286613157e-08
3306	4.80415455357e-08
3307	4.51163006015e-08
3308	4.51907657692e-08
3309	4.28721802052e-08
3310	4.15559561991e-08
3311	4.09572919388e-08
3312	4.40946546808e-08
3313	5.26336338432e-08
3314	4.22533137881e-08
3315	4.28152696764e-08
3316	5.99328716021e-08
3317	4.00410549757e-08
3318	4.33267127945e-08
3319	6.71259757921e-08
3320	1.0105483899e-07
3321	6.86297139055e-08
3322	4.01365435907e-08
3323	4.08354156711e-08
3324	7.30160121943e-08
3325	4.30437826947e-08
3326	4.39830122413e-08
3327	5.81119406027e-08
3328	5.53067464662e-08
3329	4.48650693277e-08
3330	8.49712871707e-08
3331	9.24487274407e-08
3332	7.13365906107e-08
3333	4.00382280667e-08
3334	4.22674277141e-08
3335	1.00297079016e-07
3336	3.98728365828e-08
3337	4.89663027834e-08
3338	4.06193999847e-08
3339	6.99060050026e-08
3340	5.74404073661e-08
3341	5.14000149989e-08
3342	6.99125366044e-08
3343	4.56052461092e-08
3344	7.60199821215e-08
3345	6.66400386583e-08
3346	5.6725256168e-08
3347	7.91268459253e-08
3348	7.41646549873e-08
3349	4.21158924375e-08
3350	8.72631174774e-08
3351	8.37787641498e-08
3352	4.30229916759e-08
3353	7.00294599049e-08
3354	4.03271568582e-08
3355	8.00225075323e-08
3356	4.73773906412e-08
3357	4.41001620432e-08
3358	4.40136141841e-08
3359	4.63701386843e-08
3360	7.55021409612e-08
3361	3.66152202768e-07
3362	6.87705920246e-08
3363	9.18790730513e-08
3364	5.87720323902e-08
3365	5.66186940045e-08
3366	1.03371418846e-07
3367	4.28857706179e-08
3368	4.25777812508e-08
3369	5.51940127733e-08
3370	4.10873991641e-08
3371	4.34830235164e-08
3372	3.98041261268e-08
3373	4.71626714008e-08
3374	4.31080049956e-08
3375	4.08013652178e-08
3376	4.02470229955e-08
3377	5.31303473594e-08
3378	6.91010801003e-08
3379	4.98784488302e-08
3380	4.70536533076e-08
3381	9.08976793457e-08
3382	4.25164470192e-08
3383	4.52798637171e-08
3384	5.83142087223e-08
3385	3.61520636034e-07
3386	8.18426373352e-08
3387	7.8905908391e-08
3388	4.14947723878e-08
3389	4.20830109281e-08
3390	4.79532878276e-08
3391	6.58986328358e-08
3392	4.32270796435e-08
3393	4.52152408622e-08
3394	4.89817599208e-08
3395	5.62415059424e-08
3396	7.98493506049e-08
3397	9.76301099769e-08
3398	4.48147437244e-08
3399	5.40159899503e-08
3400	5.15677361528e-08
3401	4.02470229955e-08
3402	4.28091023487e-08
3403	7.18681763953e-08
3404	8.07344597101e-08
3405	4.69872093695e-08
3406	1.11076710294e-07
3407	3.85543302239e-08
3408	3.86386089168e-08
3409	6.22478005508e-08
3410	6.28371863306e-08
3411	7.01728848331e-08
3412	9.40811206455e-08
3413	3.88416955273e-08
3414	4.49801845515e-08
3415	5.28811232062e-08
3416	6.89484041228e-08
3417	7.5093331384e-08
3418	6.45870547614e-08
3419	7.37168368005e-08
3420	6.71005884456e-08
3421	4.62847686981e-08
3422	5.75075848891e-08
3423	4.22584556594e-08
3424	4.19708108716e-08
3425	4.10401420411e-08
3426	8.43174755436e-08
3427	4.06193999847e-08
3428	4.02377061839e-08
3429	3.98956396631e-08
3430	4.57773298894e-08
3431	7.06749959751e-08
3432	5.38562383454e-08
3433	6.5028686405e-08
3434	9.31725757634e-08
3435	5.80125625793e-08
3436	4.03694461733e-08
3437	7.78263373816e-08
3438	1.27572423552e-09
3439	5.06915146285e-10
3440	1.29144162865e-08
3441	4.98150539547e-10
3442	6.408138075e-10
3443	5.60069366838e-10
3444	8.71181985652e-10
3445	5.02439474906e-10
3446	5.13940652301e-10
3447	4.97666088477e-10
3448	2.09366064219e-09
3449	2.50092369593e-09
3450	6.15848733152e-10
3451	4.8176541785e-10
3452	6.77454131886e-10
3453	4.8176541785e-10
3454	6.06343553851e-08
3455	6.96938894862e-10
3456	1.37856857327e-08
3457	6.08743151554e-10
3458	5.5133511719e-10
3459	5.32666921044e-10
3460	5.80304835823e-10
3461	6.9689478846e-10
3462	7.91475452825e-10
3463	9.37920691132e-10
3464	6.03975180094e-10
3465	5.32939027847e-10
3466	5.73698057778e-10
3467	5.78414555091e-10
3468	5.82441170851e-10
3469	6.65014946034e-10
3470	5.43923557464e-10
3471	9.95023588206e-10
3472	5.36011908208e-10
3473	5.34826929766e-10
3474	5.55595006036e-10
3475	1.14577283024e-09
3476	5.28790120499e-10
3477	6.66932540681e-10
3478	5.35144238242e-10
3479	6.21052035078e-10
3480	1.4625881402e-09
3481	6.17236091515e-10
3482	5.2774979716e-10
3483	5.23685114964e-10
3484	8.49002980754e-10
3485	5.95841372296e-10
3486	5.90977666655e-10
3487	6.08894707383e-08
3488	9.68340098303e-10
3489	4.95057818057e-10
3490	5.2638817644e-10
3491	1.10845227146e-09
3492	7.84131400555e-10
3493	5.4857854499e-10
3494	4.92362184607e-10
3495	1.41033430535e-08
3496	1.64397670957e-09
3497	6.48542677232e-10
3498	5.48292340424e-10
3499	5.5388999232e-10
3500	5.45241345189e-10
3501	1.41771049016e-08
3502	5.93929777805e-10
3503	5.72530397347e-10
3504	1.34699322764e-09
3505	5.79047960617e-10
3506	6.515485458e-10
3507	5.10660491927e-10
3508	5.65099088942e-10
3509	5.60088179253e-10
3510	5.51302792034e-10
3511	5.6777180316e-10
3512	8.24196636016e-10
3513	4.97569475132e-10
3514	1.10005132263e-09
3515	5.24375077428e-10
3516	6.17282872091e-10
3517	1.42621260475e-09
3518	8.02496002191e-10
3519	5.36773178763e-10
3520	7.13450125763e-10
3521	1.29117269775e-09
3522	7.57547633885e-10
3523	6.17236091515e-10
3524	5.34749858024e-10
3525	1.34483418582e-08
3526	6.94483973353e-10
3527	7.42530232679e-10
3528	7.31673274771e-10
3529	6.06945237415e-10
3530	1.26790476922e-09
3531	5.07644585337e-10
3532	5.31984471365e-10
3533	1.07233890349e-09
3534	5.62860018489e-10
3535	5.45577800417e-10
3536	5.13378999078e-10
3537	4.91142429986e-10
3538	5.44208206744e-10
3539	5.13785759073e-10
3540	1.32089480286e-08
3541	5.18783845155e-10
3542	7.04204674856e-10
3543	5.33127487971e-10
3544	5.80381963852e-10
3545	2.3067212052e-09
3546	5.29402651711e-10
3547	1.17135922237e-09
3548	6.83804734051e-10
3549	5.33298135711e-10
3550	1.25027827267e-08
3551	1.72615612332e-09
3552	7.62981500662e-10
3553	6.03462823657e-10
3554	6.28647227382e-10
3555	5.67309588854e-10
3556	1.22216322217e-08
3557	7.90313013361e-10
3558	6.19243525456e-10
3559	7.24963887793e-10
3560	5.75269750109e-10
3561	1.194663647e-08
3562	6.21052035078e-10
3563	1.24188206718e-09
3564	5.39780537022e-10
3565	5.78587227189e-10
3566	1.62863709874e-09
3567	5.25296211842e-10
3568	6.0653654841e-10
3569	5.77830055401e-10
3570	4.8176541785e-10
3571	5.35805431157e-10
3572	5.07651213304e-10
3573	9.37718731538e-10
3574	7.4453749788e-10
3575	5.67970866203e-10
3576	1.17622858887e-09
3577	1.41958264839e-08
3578	9.1820681166e-10
3579	5.32939027847e-10
3580	5.07202458068e-10
3581	5.24145402457e-10
3582	4.8909684273e-10
3583	5.16452800798e-10
3584	6.5518324373e-10
3585	5.04275723065e-10
3586	2.52534538963e-09
3587	5.35182807761e-10
3588	4.92671031866e-10
3589	5.57856409542e-10
3590	6.68571741288e-10
3591	5.51681586456e-10
3592	1.21020625871e-08
3593	6.51261821167e-10
3594	6.09690021397e-10
3595	5.25255998822e-10
3596	2.85928914543e-09
3597	4.93831398375e-10
3598	5.20578064418e-10
3599	5.96613363754e-10
3600	9.50826565269e-10
3601	5.65312533959e-10
3602	5.39331040896e-10
3603	6.27136789998e-10
3604	2.48226126643e-09
3605	1.45607940925e-09
3606	4.94461182591e-10
3607	5.05681889579e-10
3608	5.52181673605e-10
3609	1.36186701725e-08
3610	6.22000426788e-10
3611	1.37576936653e-09
3612	6.2167258204e-10
3613	6.21052035078e-10
3614	5.15104473071e-10
3615	5.54505035399e-10
3616	5.17156494471e-10
3617	6.94483884961e-10
3618	1.5549629132e-09
3619	5.00031142245e-10
3620	5.36760701976e-10
3621	1.67804376769e-09
3622	5.21416033822e-10
3623	5.47623511609e-10
3624	5.23365818108e-10
3625	2.31052283815e-09
3626	5.88455787895e-10
3627	6.11739281724e-10
3628	6.45619071936e-10
3629	6.21243759575e-10
3630	5.26268311458e-10
3631	5.14765529205e-10
3632	4.99052301815e-10
3633	1.43600983523e-08
3634	5.58610089902e-10
3635	8.38575343082e-10
3636	5.68596642811e-10
3637	5.81856943584e-10
3638	5.14110532083e-10
3639	6.10279044628e-10
3640	7.89553726743e-10
3641	5.11932490249e-10
3642	1.1006991651e-09
3643	5.65472734806e-10
3644	5.23179953689e-10
3645	5.54361965003e-10
3646	5.40690932643e-10
3647	5.04963689025e-10
3648	5.52616939429e-10
3649	6.21052035078e-10
3650	4.8176541785e-10
3651	1.33697813535e-08
3652	5.01768330869e-10
3653	4.92207945019e-10
3654	8.2255375576e-10
3655	5.28750254072e-10
3656	1.6350813655e-09
3657	5.21880506458e-10
3658	6.77416065145e-10
3659	5.30255951063e-10
3660	5.07287552926e-10
3661	5.88369077081e-10
3662	5.39372641113e-10
3663	5.29565573459e-10
3664	5.12287226323e-10
3665	4.985155061e-10
3666	5.15950871304e-10
3667	1.39017449584e-09
3668	5.19456008315e-10
3669	5.90067419075e-10
3670	8.04631657859e-10
3671	5.09307517446e-10
3672	1.35536985506e-09
3673	8.67225547127e-10
3674	1.34951318261e-08
3675	5.25392154307e-10
3676	4.95057818057e-10
3677	1.41236422891e-08
3678	4.9567728687e-10
3679	5.19506602704e-10
3680	7.21072479812e-10
3681	5.47808362537e-10
3682	5.07383554087e-10
3683	1.25120526929e-09
3684	1.42679265709e-08
3685	5.36488440922e-10
3686	5.10043667351e-10
3687	1.05773232132e-09
3688	5.58614975427e-10
3689	5.76220378025e-10
3690	5.70203971646e-10
3691	5.75269750109e-10
3692	1.38418915211e-08
3693	2.07191760312e-09
3694	4.95177030517e-10
3695	6.21052035078e-10
3696	5.28197510925e-10
3697	1.31481761636e-09
3698	5.46150967123e-10
3699	4.88114869106e-10
3700	5.90067419075e-10
3701	5.28375412163e-10
3702	1.1502288418e-09
3703	8.49374225863e-10
3704	4.86093588304e-10
3705	6.21855720731e-10
3706	5.7313712574e-10
3707	6.93173987244e-10
3708	5.29682945972e-10
3709	4.8176541785e-10
3710	5.76360020259e-10
3711	5.83334111804e-10
3712	7.21530729403e-10
3713	5.77682921735e-10
3714	5.77089000638e-10
3715	5.29820248076e-10
3716	5.0084197698e-10
3717	5.75269750109e-10
3718	5.78511125415e-10
3719	5.61790212916e-10
3720	5.10889700167e-10
3721	1.33547687168e-08
3722	6.20051364072e-10
3723	6.08716403536e-08
3724	4.99787102751e-10
3725	5.41138849469e-10
3726	9.04065113053e-10
3727	4.97407293263e-10
3728	5.83286176197e-10
3729	4.8176541785e-10
3730	6.70162359587e-10
3731	8.40020466924e-10
3732	4.85634679151e-10
3733	8.60339060831e-10
3734	2.46153091348e-09
3735	5.41121531078e-10
3736	8.38806257599e-10
3737	8.78263368892e-10
3738	6.61813944488e-10
3739	5.28413115059e-10
3740	5.79370147325e-10
3741	1.29092454826e-08
3742	8.71115060363e-10
3743	5.41138849469e-10
3744	5.75269750109e-10
3745	4.97566560652e-10
3746	4.84770716979e-10
3747	5.56028891918e-10
3748	4.8176541785e-10
3749	4.98400201372e-10
3750	1.32532098755e-08
3751	4.97323570835e-10
3752	6.2065352363e-10
3753	5.73256595156e-10
3754	5.08123300026e-10
3755	6.98022213279e-10
3756	1.41495980411e-08
3757	5.36034319487e-10
3758	6.38200872757e-10
3759	5.43643111971e-10
3760	1.16970306901e-09
3761	5.55236549803e-10
3762	6.78628895117e-10
3763	5.22001774242e-10
3764	5.83810026323e-10
3765	5.94562205389e-10
3766	5.12444068477e-10
3767	5.14071247169e-10
3768	5.61918808192e-10
3769	5.3029046504e-10
3770	5.24436785457e-10
3771	5.01278300877e-10
3772	6.13097064466e-10
3773	5.3438763651e-10
3774	5.39064580343e-10
3775	8.90919912656e-10
3776	5.42086871419e-10
3777	5.15678766925e-10
3778	5.29522663241e-10
3779	1.28279978222e-09
3780	1.2397278148e-09
3781	4.91619426024e-10
3782	5.93838007629e-10
3783	5.21881698917e-10
3784	5.27092189909e-10
3785	7.01092485852e-10
3786	5.56113399035e-10
3787	4.94219461928e-10
3788	8.61161601454e-10
3789	5.04420469511e-10
3790	9.53944660401e-10
3791	5.48707667397e-10
3792	5.31579624579e-10
3793	6.57461119511e-10
3794	6.09394658298e-10
3795	6.68595358206e-10
3796	1.05268866289e-09
3797	1.40730142554e-08
3798	4.8176541785e-10
3799	5.29527620857e-10
3800	1.66319709678e-09
3801	4.88431280437e-10
3802	5.41285398924e-10
3803	6.25314171e-10
3804	1.06102529925e-09
3805	5.87779445749e-10
3806	4.97587407637e-10
3807	4.8489287623e-10
3808	4.85374661598e-10
3809	5.31430701777e-10
3810	6.05193132716e-10
3811	4.88248695305e-10
3812	5.01132804735e-10
3813	5.90067419075e-10
3814	5.04457921426e-10
3815	5.37762893122e-10
3816	4.88262302657e-10
3817	8.03857471718e-10
3818	5.30049942505e-10
3819	5.21957859361e-10
3820	4.8176541785e-10
3821	5.71630830287e-10
3822	5.89755606795e-10
3823	5.27274349989e-10
3824	1.48785270656e-09
3825	6.46939104287e-10
3826	5.98023895343e-10
3827	5.11714433271e-10
3828	1.19114834206e-09
3829	6.13034506295e-10
3830	1.42910642812e-08
3831	1.16856619355e-09
3832	6.36943956608e-10
3833	5.95982676006e-10
3834	5.0381456492e-10
3835	5.77256350988e-10
3836	5.53357745041e-10
3837	5.36779199877e-10
3838	1.15403835365e-09
3839	5.98436273477e-10
3840	5.25598705499e-10
3841	2.08086893899e-09
3842	2.0233878574e-09
3843	5.08659501348e-10
3844	4.94535745396e-10
3845	7.20950158787e-10
3846	4.84770716979e-10
3847	7.67162574043e-10
3848	4.9865745744e-10
3849	8.71181985652e-10
3850	5.54488307616e-10
3851	1.42334796777e-08
3852	9.70183289992e-10
3853	4.8176541785e-10
3854	4.85912831421e-10
3855	5.32574068712e-10
3856	4.8176541785e-10
3857	5.15545775724e-10
3858	1.03764331062e-09
3859	8.69452495969e-10
3860	1.08810311153e-09
3861	6.05491764861e-08
3862	5.47867075417e-10
3863	5.14033034576e-10
3864	5.90067419075e-10
3865	4.93658851481e-10
3866	5.46712204761e-10
3867	5.76466859464e-10
3868	5.38022551018e-10
3869	6.10956193669e-10
3870	5.75968293152e-10
3871	5.05736020074e-10
3872	1.23564809146e-08
3873	2.16259328164e-09
3874	5.25296947231e-10
3875	4.84831723685e-10
3876	5.16084291869e-10
3877	1.3753494112e-08
3878	5.14460321597e-10
3879	4.85912831421e-10
3880	1.07740444316e-09
3881	5.42483168411e-10
3882	4.92703560737e-10
3883	6.21052035078e-10
3884	1.40239692687e-09
3885	4.84793473341e-10
3886	1.33093539177e-08
3887	4.94590354881e-10
3888	8.30207833712e-10
3889	1.20750459412e-09
3890	4.96495667879e-10
3891	6.94765582033e-10
3892	5.22059401755e-10
3893	5.00317171602e-10
3894	5.07119561667e-10
3895	5.28317199499e-10
3896	5.54501493945e-10
3897	4.93428092424e-10
3898	6.2472354714e-10
3899	5.02333799863e-10
3900	6.02254968257e-10
3901	5.05525536732e-10
3902	1.03457776562e-09
3903	5.43068018261e-10
3904	8.76531370209e-10
3905	5.04375553824e-10
3906	6.39472356609e-10
3907	5.76595283625e-10
3908	6.00935409842e-10
3909	5.63910330625e-10
3910	4.91816308215e-10
3911	5.90067419075e-10
3912	5.28533765138e-10
3913	7.04652436827e-10
3914	5.18864363069e-10
3915	5.70768604929e-10
3916	5.7970193368e-10
3917	5.28373762408e-10
3918	6.66911714473e-10
3919	6.10279044628e-10
3920	5.32025110759e-10
3921	5.90030815638e-10
3922	4.84948425152e-10
3923	5.0144528288e-10
3924	6.30414981877e-10
3925	1.25073889206e-09
3926	1.04831041541e-09
3927	6.35225892884e-10
3928	5.80647568326e-10
3929	1.08507959097e-09
3930	1.12021414611e-09
3931	5.60994065162e-10
3932	5.03907749318e-10
3933	5.5157755831e-10
3934	6.15836881076e-10
3935	4.8176541785e-10
3936	5.04397145924e-10
3937	5.30315861551e-10
3938	2.90290769684e-09
3939	4.91353686733e-10
3940	5.4267139994e-10
3941	5.11153124118e-10
3942	5.5687173142e-10
3943	1.30928317893e-08
3944	9.76273911262e-10
3945	6.74128026181e-10
3946	4.91619426024e-10
3947	5.97040400556e-10
3948	1.43087248112e-08
3949	5.16232016331e-10
3950	8.65964776881e-10
3951	6.08499474303e-10
3952	4.91322303056e-10
3953	4.95934687302e-10
3954	8.65693488254e-10
3955	4.89786121634e-10
3956	5.6670157945e-10
3957	6.25395173007e-10
3958	5.1121215246e-10
3959	4.85323293158e-10
3960	5.35027183059e-10
3961	6.08632498538e-08
3962	1.368816266e-08
3963	4.97544281087e-10
3964	6.00523801668e-10
3965	4.91735648397e-10
3966	1.31411028187e-09
3967	5.32158991755e-10
3968	2.6862809027e-09
3969	5.70445724355e-10
3970	6.79083771506e-10
3971	2.15319176752e-09
3972	5.46692246495e-10
3973	5.08306410156e-10
3974	4.8176541785e-10
3975	5.29701359515e-10
3976	5.33697907975e-10
3977	4.99763500269e-10
3978	5.88295621435e-10
3979	7.59393330904e-10
3980	4.69893964925e-08
3981	3.04640173306e-10
3982	3.16059309297e-10
3983	2.91298624408e-10
3984	2.89422895694e-10
3985	3.00683939248e-10
3986	3.04675573436e-10
3987	2.91216653688e-10
3988	3.00899286801e-10
3989	4.65996522593e-08
3990	2.94871713026e-10
3991	8.63581230794e-10
3992	2.9317413535e-10
3993	3.00763967979e-10
3994	3.104054103e-10
3995	3.08194415892e-10
3996	2.96772042777e-10
3997	3.10477626359e-10
3998	3.1761922087e-10
3999	2.94979141214e-10
4000	3.04488628696e-10
4001	2.91216653688e-10
4002	5.91476615931e-10
4003	2.99100778674e-10
4004	6.02524034925e-10
4005	2.93196222863e-10
4006	2.93075161838e-10
4007	2.94871713026e-10
4008	2.89422895694e-10
4009	3.08565299279e-10
4010	2.89422895694e-10
4011	4.68689552524e-08
4012	2.91216653688e-10
4013	8.76552923482e-10
4014	3.15845255872e-10
4015	2.89422895694e-10
4016	2.94871713026e-10
4017	3.04523980175e-10
4018	3.0291056872e-10
4019	3.02883442769e-10
4020	5.96877013038e-10
4021	3.08567971888e-10
4022	2.89422895694e-10
4023	6.17657235966e-10
4024	2.89422895694e-10
4025	2.94871713026e-10
4026	3.04688169931e-10
4027	5.92945056144e-10
4028	2.91250873826e-10
4029	2.91216653688e-10
4030	3.28917360938e-10
4031	4.66181399924e-08
4032	2.93075161838e-10
4033	2.9317506919e-10
4034	2.93227384385e-10
4035	2.89422895694e-10
4036	2.91239829915e-10
4037	2.96991632e-10
4038	8.85770363979e-10
