0	1192496.11308
1	22.6856431723
2	0.619047619048
3	13.734469697
4	1.5
5	17.9801587302
6	0.2
7	1388.05236177
8	2.25
9	134.113593198
10	0.40645433027
11	0.0
12	0.0
13	14.3637537035
14	4.55043290043
15	0.0
16	1.62846638655
17	3.34722222222
18	0.0
19	41.2666666667
20	5.53733766234
21	7645.55816453
22	5.46341801473
23	55.9166666667
24	1.11448412698
25	439.16665409
26	157.751705174
27	0.25
28	3.10717893218
29	11.3741576545
30	11.1620840709
31	40.204493857
32	0.0
33	0.0
34	29359.5505128
35	0.0
36	0.222222222222
37	0.0
38	5.98626847291
39	7.78280685603
40	112.447584118
41	38.0904761905
42	0.0
43	0.0
44	0.0
45	2.46505439005
46	0.0
47	0.0
48	43.1241764613
49	1.5
50	4.18576740447
51	0.75
52	0.0
53	88.428879103
54	2.94404761905
55	1.48024820454
56	8844.0483087
57	12.5186868687
58	687594.983375
59	5.92947086837
60	0.615063591379
61	0.5
62	23.3605796155
63	0.0
64	104.503388278
65	5.61903263248
66	0.777760579717
67	7432.2354073
68	1.2
69	1.61717511247
70	0.0
71	0.0
72	14.7732356916
73	4.904004329
74	0.0
75	2.0776923314
76	0.0
77	2.08333333333
78	0.0
79	0.170110630111
80	1300.86623752
81	0.5
82	59.9828847575
83	0.75
84	11.3535491469
85	4.10194522826
86	0.0
87	377.040411575
88	37.0844444444
89	2.7
90	0.0
91	2.25
92	5.57752525253
93	0.766666666667
94	17.4268849206
95	0.5
96	6.38687978688
97	0.333333333333
98	55.0397798806
99	6.65238095238
100	4.33333333333
101	6.43134920635
102	0.0
103	767.718040057
104	24.5787269153
105	3.32833504459
106	2.96587301587
107	3916560.14444
108	2.83773448773
109	47.1734840632
110	0.0
111	12.4658730159
112	0.0
113	42.6227515558
114	0.0
115	27.1718614719
116	9.42027417027
117	1.70833333333
118	46.4138477375
119	12412.9980932
120	364.630094421
121	8.48557407355
122	6078.59906537
123	4.01233823521
124	1.33333333333
125	67.1315039463
126	1.375
127	5.1924963925
128	19.8366786551
129	0.366666666667
130	20.6000111
131	0.0
132	16.1688023763
133	14.7090903509
134	5.15438806832
135	0.0
136	219012.32213
137	17.2246031746
138	0.0
139	0.1
140	0.746825396825
141	21.8884838482
142	42.1210559687
143	9.38571428571
144	6.87662337662
145	0.0
146	1152.13779154
147	0.2
148	19.5926151891
149	2.98650793651
150	776.342961205
151	0.277777777778
152	1.5
153	0.0
154	0.0
155	0.333333333333
156	1347.10126412
157	0.333333333333
158	39.0638627509
159	9.38416305916
160	0.0
161	19.5960935348
162	0.47619047619
163	206.135622589
164	0.142857142857
165	2.75524889764
166	3.55952380952
167	0.366666666667
168	2.5553843817
169	3278.21664859
170	98.4331609382
171	126274.010922
172	68.2773627742
173	29595.236042
174	0.333333333333
175	26.9761904762
176	2.61374541202
177	2.53571428571
178	11.1767306767
179	0.5
180	7.42696608947
181	1.5
182	0.333333333333
183	0.0
184	10.3718004218
185	23.0529175087
186	65.7728711578
187	3.32757936508
188	84.7295632275
189	104.503388278
190	1.5
191	0.0
192	3.0
193	1.5
194	3.54161255411
195	0.0
196	7.98154761905
197	4.39560994561
198	13553.6254246
199	77.0272078914
200	112.755970633
201	0.0
202	62.3978228418
203	134.229659819
204	22.2479617605
205	0.0
206	1.33333333333
207	0.0
208	0.151665395372
209	0.0
210	0.0
211	18.3955951439
212	6.73226439167
213	3815.58674594
214	15.2464285714
215	0.0
216	0.0
217	258.967812743
218	0.0
219	2.0
220	0.0
221	0.399242424242
222	4.83594877345
223	9.18713376966
224	24.1617261866
225	1.18571428571
226	2.50003607504
227	12.8857142857
228	0.0
229	2.29072681704
230	12.4166666667
231	23.5276510408
232	10.7959851258
233	0.0
234	0.0
235	0.325
236	65.3356963102
237	0.75
238	12.3540041997
239	150.37412421
240	0.5
241	0.0
242	27.8051948052
243	3.81111111111
244	0.0
245	1.5
246	311.533237972
247	0.5
248	17.2698421192
249	26.2329004329
250	0.176923076923
251	3.21071428571
252	162.080269941
253	0.333333333333
254	1.08903318903
255	0.0
256	0.0
257	13.5877493887
258	7.36885333718
259	2.25
260	6.69166666667
261	57.0664128364
262	0.0
263	0.166666666667
264	0.0
265	19.7258616653
266	1.48883477633
267	0.0
268	0.284144027851
269	830.164154045
270	0.333333333333
271	224.102200374
272	154.795457856
273	0.0
274	5.87560115323
275	1.5
276	3.78033665584
277	320.076854645
278	1.77619047619
279	0.0
280	83.8513592892
281	4.68535353535
282	0.0
283	1.09215686275
284	5.69517704518
285	4067.08672036
286	0.0
287	0.0
288	0.03125
289	0.142857142857
290	1.21505947363
291	75.2307017882
292	0.0
293	0.0
294	0.25
295	3.35146471176
296	0.166666666667
297	7.61288607726
298	0.292929292929
299	12.5053932179
300	0.842857142857
301	0.5
302	5.70321067821
303	12.4279754722
304	4799.89334196
305	0.0
306	0.0
307	1.0
308	1449.50854798
309	0.0
310	9.8496031746
311	2.01715686275
312	52.5555916306
313	64.0459077657
314	8.36697401755
315	5355.54942909
316	0.0
317	3.22619047619
318	2.14676145428
319	2.7
320	34.3834054834
321	0.0
322	7853.29667682
323	63.5951451473
324	2910.40773787
325	33.8813979856
326	8.66035353535
327	0.0
328	0.0
329	110.810003891
330	2.30553751804
331	16.4618594042
332	97.3411142889
333	0.728968253968
334	32.3495570132
335	0.0
336	0.0
337	1.3
338	0.891775684633
339	2670.28093583
340	0.54329004329
341	1.17963945262
342	29.1139051462
343	9.89487734488
344	3.42066724126
345	7.26347446336
346	45.1251443001
347	0.601923076923
348	309711.207132
349	0.125
350	632.710039165
351	56.4503968254
352	6.23427074756
353	17447.3483814
354	15.4684662486
355	66.2752866857
356	0.5
357	410.860280974
358	0.0
359	70.6345773115
360	1756.95038706
361	38.9732307784
362	11.8328891745
363	11839.9709261
364	1.66666666667
365	0.204563492063
366	9585.08014155
367	185.349978665
368	83.231305976
369	582.750413595
370	2838.97227745
371	0.457393483709
372	41.0910656868
373	6993.27016075
374	2358.82788935
375	5.95384196013
376	50498.8739016
377	0.0
378	906.605635629
379	0.0
380	0.231684981685
381	0.308608058608
382	1.25678846383
383	0.5
384	0.333333333333
385	1.06242645947
386	0.5
387	1696.71706351
388	973.460942925
389	14804.8719465
390	1.0742126544
391	3361.21814984
392	654.17065039
393	0.0
394	140.369506981
395	4811.1149123
396	44.8570667864
397	1010.38724376
398	45.8828363123
399	0.333333333333
400	2321.62620242
401	0.0
402	1909.86399768
403	10.4864372502
404	767.570119656
405	672.333606363
406	1.0
407	225.024182882
408	777.201858144
409	43.4297656972
410	13.6989427084
411	0.5
412	7069.38834102
413	15.2429301195
414	388245.475981
415	484.332399068
416	637.446712754
417	1278.52077135
418	20.138777158
419	6056.50332282
420	5696.09877365
421	183.249279735
422	3143.26516072
423	1811.54364816
424	3.11623099123
425	22.3536137078
426	10.2667620049
427	612.831555999
428	524164.067776
429	1.02616550117
430	294.193999829
431	1746.34204319
432	921.394723349
433	129.099608725
434	880.527416483
435	189.556692145
436	2037.44403658
437	11.1666666667
438	1058.12135309
439	1227.41120407
440	14.7503200306
441	0.333333333333
442	4.59118093768
443	0.0
444	440.114605245
445	17.8287966326
446	40.6927295028
447	0.0
448	0.0
449	75.6834224009
450	13.3781471712
451	329.337325778
452	910.851123399
453	2.5
454	0.0
455	1203.73199949
456	2609.41754773
457	620.319923722
458	38.0255877703
459	159.256044658
460	5063.33186527
461	1723.91008478
462	41.2392017305
463	1388.22107466
464	145.16031746
465	2725.16397892
466	0.201923076923
467	0.0
468	0.0
469	573.432085854
470	6.52282286427
471	368.484950533
472	642.466925996
473	425.069883532
474	18.9044921
475	40741.2468001
476	0.0
477	5.125
478	4.37041330883
479	420.817620599
480	290.165726995
481	87.568188004
482	257.297329011
483	84019.6140156
484	23624.6867809
485	0.0
486	2.25508380508
487	46.2089340876
488	7.58973644919
489	27.2639871918
490	7.61578841222
491	1.17566708103
492	1987.02145324
493	238.814039192
494	46.9562569583
495	7.11035308635
496	330.194541365
497	4607.1393178
498	7.98128262995
499	0.0
500	3338.67849134
501	0.333333333333
502	2.61505787482
503	1584.18408642
504	1537.96888245
505	0.715426240426
506	988.970247647
507	1260.04649653
508	508.16932831
509	1.41880619381
510	513.648600681
511	159.29323605
512	286.463895882
513	3927.25819172
514	616.534696916
515	1292.88738586
516	612.370649757
517	13638.4758208
518	356.796731501
519	15.5102023353
520	1604.16075131
521	5.78715706525
522	2.11312755872
523	350.912523869
524	1403.50025498
525	3138.4294134
526	14632.1000091
527	653.620304602
528	35.0948764873
529	1.90741219217
530	0.366666666667
531	1894.88978744
532	12.1666666667
533	2.75502889614
534	183.06681995
535	39.3604846555
536	5.46132989547
537	504.790611257
538	10469.7530585
539	78.6725890327
540	7.13991462342
541	114.688286162
542	2295.23245368
543	112.48730288
544	766.744435532
545	535.003887304
546	767.670462078
547	53.201986406
548	47.3773321023
549	309.589091073
550	0.0
551	3.40901598402
552	0.333333333333
553	5463.29411365
554	610.184739678
555	109.602600983
556	728.537077534
557	167.303391367
558	238.225745957
559	2362.13212878
560	85.3115892382
561	2629.7593012
562	0.409523809524
563	511702.996551
564	59.4503968254
565	5.10412032645
566	14568.5556049
567	784996.905594
568	8.79173881674
569	20.2575082108
570	289.733477839
571	0.0
572	0.0
573	24.8088101226
574	21.1363714175
575	0.663034188034
576	0.0909090909091
577	0.609810511126
578	1.73387517196
579	101.124047986
580	11746.1458915
581	0.0
582	0.246715273031
583	2.97445958754
584	91.5044365072
585	0.0
586	0.0
587	2.32086256177
588	2.72013531704
589	60.3226793437
590	2534.26925755
591	904.798842627
592	101.592200838
593	1.80591883862
594	234766.313681
595	0.0909090909091
596	15615.3489509
597	15.6384601113
598	1.33342768343
599	1.70439266616
600	2.52045525854
601	3480.6284342
602	0.0
603	2.6229048729
604	1161.53512902
605	3.05334238775
606	8127.72486311
607	0.0
608	0.0
609	4727.88164039
610	16.926566622
611	1.8260975136
612	3.70528123837
613	0.0
614	81.9822762924
615	2.79264140572
616	55.9105428336
617	37.3807486592
618	82.8303039195
619	23.4297022892
620	76.4196355052
621	0.452380952381
622	5.53773073332
623	4.93414502165
624	0.0
625	7.22604843986
626	3.62400793651
627	1.73387517196
628	0.273109243697
629	535.552460005
630	445.361682476
631	6.1772172662
632	1.59795008913
633	2.82579591461
634	483.892677568
635	26.6047871821
636	21.6554597448
637	12373.135049
638	0.0
639	194.105185509
640	1.27764267896
641	4357.89557506
642	0.0
643	2.52045525854
644	63.9737007352
645	1099.22771324
646	333.916507658
647	9.58772599949
648	0.0
649	450.613639232
650	1.64296608105
651	12973.1677723
652	0.0
653	106.77738934
654	98.5938488856
655	5.8264775372
656	0.0
657	3.69962718204
658	1.73387517196
659	1.73387517196
660	0.0
661	2.52045525854
662	2.08043694352
663	16.9375587431
664	3.31054033686
665	0.848484848485
666	34.2646836145
667	0.0
668	0.0
669	164.371502147
670	0.98270967079
671	1.85563234656
672	0.195512820513
673	0.0
674	0.0
675	1.64296608105
676	18.2570615308
677	64.5242163799
678	286.37943679
679	22.2504609903
680	81.3894043883
681	2.33812941445
682	11.3394714818
683	862.435240188
684	5.30698468198
685	7.5246600595
686	242254.366252
687	30.3853257664
688	112.007965673
689	0.67619047619
690	0.38756621947
691	2.36111111111
692	0.0
693	2.81239461285
694	120.400208427
695	48.0825207762
696	17.3111773573
697	16012.8335171
698	940024.246482
699	0.0
700	0.466917293233
701	9.98085746635
702	0.712301587302
703	18582.7238436
704	0.934523809524
705	287.183951679
706	0.358833515683
707	4.3369047619
708	4981.71149897
709	4.02975497088
710	1.48574660633
711	5.93207075719
712	10.573015873
713	40868.7282103
714	8.40198412698
715	0.213585434174
716	5.28168498168
717	0.0
718	30.9967883297
719	26758.9457659
720	19.1318087686
721	0.526923076923
722	4.97280587661
723	1.69849284731
724	96.5303943316
725	0.428571428571
726	26.6505615977
727	26.7060462673
728	69.2827277704
729	147.170182169
730	4.9031775147
731	5.40304880394
732	8.98531746032
733	3.65952380952
734	30.3330112898
735	0.155555555556
736	16.3702380952
737	4.46624994982
738	15.5233190573
739	43.9899224528
740	4.20271672772
741	8.25549827302
742	10.6547619048
743	0.0
744	0.0
745	29636.0399321
746	2.61071428571
747	22128.4209087
748	11.600616449
749	0.0
750	0.0
751	1.2527507142
752	20.4887937583
753	56.1697707449
754	20.3770851014
755	10.3366211541
756	1.36845238095
757	1.5
758	8.37246900138
759	3.30929430047
760	10.2265873147
761	0.636179506768
762	1.29007936508
763	12.2409621228
764	19.1814130782
765	4.78671691237
766	33.9242986315
767	2.10952380952
768	16.9051587302
769	806.044609414
770	58.0649439373
771	20.7583333333
772	3849.14426092
773	31.1089543548
774	8048.28106666
775	0.0
776	262.1684372
777	12.662320029
778	4.92187998042
779	5.75809052059
780	26.0013018046
781	109.997524511
782	29.7965478965
783	5.59822561566
784	62.6709659677
785	0.0
786	3.44523809524
787	25.8133695142
788	0.533333333333
789	8.97261904762
790	0.333333333333
791	0.561111111111
792	15.1547093565
793	13.3571069122
794	2.59883676265
795	16.5881506351
796	1.93333333333
797	24.3514748855
798	6048.82744644
799	9.68538961039
800	8705.03237428
801	0.0
802	0.0
803	10326.6310456
804	2951.44761876
805	24879.3080348
806	14.6400793651
807	8.42519007688
808	0.372707336523
809	3.95791739801
810	8863.72953573
811	20.934393772
812	0.809163059163
813	5.99478021978
814	15.362117558
815	57.0669387595
816	2.57619047619
817	20.0255942859
818	25.9221804941
819	8234.37266745
820	64.7268246356
821	1.60882352941
822	18.3380952381
823	15364.6068065
824	126.474213211
825	75.622352255
826	2.36963374345
827	72.8461200778
828	32302.5451343
829	70.9214356152
830	19329.1417496
831	7.4495210675
832	0.4
833	23.4595238095
834	31.6318727472
835	11.1463146733
836	6.78591269841
837	4.76380494505
838	7.89824480706
839	12.1781746032
840	5168.73453645
841	0.0
842	36.4592832056
843	2.54662777635
844	1.23692835224
845	12.7453698666
846	1.78163590795
847	10.6172311254
848	28.3968598863
849	56.4134740431
850	10.228968254
851	0.0
852	0.0
853	49.6359938583
854	0.0
855	0.0
856	4076.93121015
857	3005.96146785
858	0.0
859	0.0
860	471321.79261
861	0.942857142857
862	95752.6474729
863	1.23335502217
864	1.1009832273
865	0.0
866	0.783333333333
867	1.16666666667
868	0.0
869	0.667094264973
870	1.86666666667
871	10.8666666667
872	0.166666666667
873	0.0
874	0.166666666667
875	0.0
876	1.23335502217
877	0.0
878	0.822640736457
879	1.03333333333
880	0.4391996892
881	1.23333333333
882	0.536926450742
883	0.0
884	0.25
885	4.66666666667
886	0.125
887	0.0
888	0.0
889	6.00954549836
890	1.23995436821
891	0.0
892	0.0
893	0.850983227299
894	0.2
895	0.783333333333
896	724.887343092
897	137.866608463
898	9.12732072941
899	0.0
900	14.1053155206
901	6.12108742321
902	5.28325294501
903	9.22377965004
904	3.78333333333
905	26.1475074904
906	86.5770816142
907	13.349239381
908	3141.71788361
909	8.675
910	0.0
911	0.0
912	6.80833333333
913	209.795880506
914	9.24712226771
915	800.862000987
916	5839.44240026
917	2496.82579513
918	0.0
919	14.5115681265
920	12.0447475095
921	3112.29484058
922	29.0823965258
923	6.56794072651
924	108.558120451
925	6165.25935281
926	9.74886694537
927	188.457494049
928	0.222222222222
929	3.04164169164
930	1095.60996509
931	14.2874604729
932	66.531526708
933	31.7018814179
934	66.9893309473
935	3.04285714286
936	28.8659742309
937	0.7
938	5.30736881327
939	14.8186979687
940	10.1553249528
941	115.346406686
942	79.558508243
943	7.77538513968
944	35.5978462236
945	0.0
946	693.747935579
947	154.584568026
948	44.2506259659
949	16.1213830086
950	4.04765136824
951	884.291135515
952	18.6632149045
953	346.151992983
954	100.836329077
955	1.70833333333
956	3.66666666667
957	77.535900277
958	1.06005820054
959	18.9664716024
960	161.739480764
961	48.8636093868
962	714.094281263
963	43.947989001
964	36.1936067261
965	2.43228691575
966	69.7269374158
967	321.887590323
968	280.07706342
969	6.92777374084
970	3.94153983272
971	15.764851068
972	1.31080442417
973	79.5355230474
974	1.954502442
975	21.8665124298
976	12.2763491535
977	21.803269957
978	185.337018425
979	0.642857142857
980	247.744311947
981	9.13223451693
982	112.952660374
983	19.7882183007
984	20.1108707333
985	0.903968253968
986	1.55434010434
987	8.60952380952
988	8.26412926968
989	12.2364460427
990	9067.57816905
991	97.1669247759
992	6.70829757347
993	347.578459803
994	56.8495383269
995	302.681515575
996	3.44848109407
997	61.6516518849
998	2.53255346865
999	39.6205846055
1000	13.0924353424
1001	180.410193101
1002	0.333333333333
1003	152.438798254
1004	88.2599597767
1005	0.614653810242
1006	217.400351951
1007	17.164418363
1008	27.06639632
1009	52.1798593346
1010	135.605334965
1011	58.240493334
1012	114.32581301
1013	919.61491549
1014	420.344947217
1015	7.00350486131
1016	0.0
1017	257.126560578
1018	57.0669431551
1019	78.8191616169
1020	78.7135398336
1021	73.7653278279
1022	0.125
1023	9.19444444444
1024	101.523081745
1025	524.170742897
1026	95.2798501546
1027	0.0
1028	1963.77002834
1029	5145.94622848
1030	8.91666666667
1031	0.82027972028
1032	264.712325137
1033	8.89342740593
1034	0.0
1035	36.9407225313
1036	19.376692501
1037	80.3707669763
1038	1.66666666667
1039	2.91745748965
1040	35.3723362933
1041	137.166567967
1042	5.20677363273
1043	8.50833333333
1044	3.25999740416
1045	11.1666666667
1046	0.0
1047	57.0706848367
1048	293.057033041
1049	357.848016882
1050	4.59090909091
1051	83.0762746811
1052	318.724848454
1053	11.35
1054	62.8207656817
1055	11.0163740263
1056	61.3170863408
1057	1.95
1058	9.2066960817
1059	258.346972638
1060	70.8228392253
1061	1.45757575758
1062	44.5086196115
1063	1.3257460924
1064	55.6298312798
1065	0.0
1066	149.361791564
1067	105.592694058
1068	59.0340584682
1069	1.38408736503
1070	4345.56451118
1071	0.0
1072	13.5193517398
1073	10.0708333333
1074	5773.66184301
1075	325.439730122
1076	178.070770991
1077	1267.05084452
1078	397.391833341
1079	78.3927289577
1080	320.740098185
1081	6.21232879535
1082	20.3846766783
1083	100.352827648
1084	2.19319978176
1085	1214577.75836
1086	4920.47796569
1087	5.91664169164
1088	1053.98737475
1089	5.82549019608
1090	6.16978021978
1091	17.7329260656
1092	33.4981312746
1093	3.85540935673
1094	6.2674963925
1095	67.7856556518
1096	0.0
1097	10.4992712277
1098	4353.27647789
1099	29.7383341372
1100	33.4160553379
1101	139.498530359
1102	29.486460077
1103	9.35157584139
1104	579.528357968
1105	0.333333333333
1106	68.8496130689
1107	163.682782611
1108	14.3587979959
1109	1676.0781545
1110	293.532802505
1111	0.125
1112	17.7169412897
1113	64.1622591059
1114	696.781355079
1115	4.39517149647
1116	4.79339311129
1117	148.305256545
1118	7.19771810247
1119	0.0
1120	57.5893012226
1121	28.194608465
1122	134.749233599
1123	116.215913481
1124	339.013135542
1125	84.5864194168
1126	7473.2791871
1127	26.6294573817
1128	819.357278367
1129	80.4017318511
1130	46.9108742286
1131	39.7475308562
1132	142.868362061
1133	1.53846153846
1134	5.2047008547
1135	85.3298434618
1136	4248.82667736
1137	4.84463999111
1138	17.8928571429
1139	11.6321384741
1140	6.59433138421
1141	5.06154114764
1142	25.8572974167
1143	19.44817574
1144	7.21771298447
1145	0.0
1146	481.385888601
1147	1.66666666667
1148	251.394034362
1149	85.6215978687
1150	16.3416737823
1151	5.02534399725
1152	7.88099907339
1153	124.815091983
1154	6.78571428571
1155	310.173978661
1156	85.0901268259
1157	0.583333333333
1158	173.872661421
1159	168.044685273
1160	231.49205522
1161	37.7746610564
1162	2.4
1163	48.3588970517
1164	2.18963462022
1165	25765.4443009
1166	186.890323846
1167	16.5915265286
1168	1.92619047619
1169	28.1046398125
1170	115.970933338
1171	20474.8841466
1172	106.60169282
1173	7681.87207164
1174	5.139910498
1175	433.860496959
1176	0.0
1177	26.0833333333
1178	2384.68354972
1179	468.977168695
1180	16.4035823111
1181	33.9487531541
1182	1717.9114298
1183	60.4426480275
1184	217.034081033
1185	153.08771731
1186	0.365026536931
1187	399.436363275
1188	14.8761435062
1189	162.959883693
1190	19.3524436738
1191	167.443532345
1192	397.188376077
1193	4382.4541457
1194	1.0
1195	23.236476084
1196	452.654566316
1197	1322.80301886
1198	18.840588003
1199	555.443582381
1200	0.7
1201	15.7056011427
1202	12.25
1203	3.20202020202
1204	505.418781585
1205	71.6961633309
1206	0.0
1207	41.6324665846
1208	0.0
1209	69.5569712537
1210	666.537836936
1211	302.746836633
1212	28.8454729911
1213	13.7036864136
1214	245.838073141
1215	85.0413537499
1216	10.7905177304
1217	1980.20144133
1218	5.14285714286
1219	27.2501613875
1220	2.18315593857
1221	420.485280383
1222	368.304919434
1223	75.6862310014
1224	0.0
1225	20.5102177391
1226	1577.53455118
1227	146.731865013
1228	18.8594913113
1229	66.1093867502
1230	117.810079654
1231	104.814631858
1232	7.99854377251
1233	0.0
1234	4.64690864691
1235	427.482860044
1236	83.2474193034
1237	1508.28446731
1238	674.11042273
1239	0.579932063194
1240	23.9066849817
1241	16.0226775388
1242	93.7850422893
1243	138.37701673
1244	8.63737782536
1245	51.6641012491
1246	108.515050835
1247	45.7940934066
1248	5.5
1249	2.04960954079
1250	231.292130797
1251	1.14634254634
1252	0.0
1253	0.0
1254	2.66666666667
1255	324.366496357
1256	180.710781765
1257	20.6190621917
1258	83.2314159793
1259	123.145596409
1260	21.6030850009
1261	124.905182263
1262	0.0
1263	3.66666666667
1264	1.0
1265	29.9465200012
1266	14.2523314104
1267	64.0023081997
1268	37.0701765962
1269	121.588627515
1270	0.0
1271	47.9816550017
1272	206.384933452
1273	233.897783212
1274	1907.90817643
1275	173.485019645
1276	0.0
1277	721.727939096
1278	37.7235619146
1279	8.44973358781
1280	69.7185577218
1281	32.801712235
1282	104.021976585
1283	203.433507965
1284	150.505145297
1285	13.086397914
1286	7.88155643951
1287	11.830744356
1288	48.0201393415
1289	4842.5654321
1290	111.342207427
1291	70.3508051946
1292	21.0998596258
1293	7.70008285957
1294	27.7909157998
1295	1.53333333333
1296	48.2404803333
1297	0.75
1298	44.5574850319
1299	17.4169344758
1300	290.056555305
1301	1.45
1302	59.4420846524
1303	71.188166331
1304	79.1720077732
1305	363.153364041
1306	23.2392137604
1307	1171.45632439
1308	13.0672879009
1309	32.1972942229
1310	6.86849768112
1311	109.829986911
1312	2238.3292655
1313	360.899643353
1314	33.5128713563
1315	10.6106256387
1316	6.79454424247
1317	5595.28426727
1318	40.2700815697
1319	1.34627123597
1320	939.084104613
1321	24.0377430802
1322	236.272556798
1323	36.4701540608
1324	51.9560452235
1325	9.32616550117
1326	0.0
1327	1489.5072583
1328	839.98012953
1329	514.678885138
1330	187.136902234
1331	213.468603673
1332	129.705626681
1333	4.81196583014
1334	4359.92062778
1335	108.898225367
1336	8.40270620575
1337	156.275636982
1338	3555.11174742
1339	101.927707799
1340	15.3455457852
1341	106.364555472
1342	7.17424242424
1343	330.882285849
1344	105.467683742
1345	227.764478156
1346	0.0
1347	128.293750461
1348	55.9010851535
1349	132.664777865
1350	45.9322363607
1351	16.0571225195
1352	9054.53255709
1353	0.5
1354	1.57692307692
1355	21.450016862
1356	15.6068764569
1357	212.670759747
1358	1560.79444743
1359	70.2195784079
1360	2252.79036916
1361	16283.9008064
1362	0.0
1363	1.47386714924
1364	5.60952380952
1365	7.48822463957
1366	244.098700473
1367	397.748209048
1368	1.70833333333
1369	2462.55470458
1370	74.6705935295
1371	155.983389714
1372	0.0
1373	296.966618867
1374	540.88152933
1375	30.1323857312
1376	6447.40149294
1377	607.732675373
1378	4.35927994982
1379	9.92178310502
1380	32.5180399024
1381	2.48076993264
1382	10.1569224381
1383	0.0
1384	55.7580490973
1385	30.2726394966
1386	0.0
1387	15.709638869
1388	42.1124111916
1389	7.01747463371
1390	405.284221646
1391	332.203738111
1392	53.0652566807
1393	142.284933779
1394	0.0
1395	0.0
1396	26.2500904448
1397	19.3910630204
1398	18.6346516773
1399	382.337240603
1400	10.4841555303
1401	5.0618935284
1402	29.4304851075
1403	0.0
1404	39.1468640924
1405	33394.7585259
1406	33.8277820027
1407	43.1714153258
1408	898.941015967
1409	233.028602944
1410	414.302310226
1411	12.518092711
1412	78.164838593
1413	40.6797652893
1414	0.025641025641
1415	57.5184674016
1416	134.185789638
1417	1.5
1418	23.7861951029
1419	11645.2068466
1420	49365.3849392
1421	520.833008099
1422	21.2181927205
1423	72.0305285607
1424	29.4285714286
1425	1117.83522139
1426	43.5671921405
1427	412.907789464
1428	92.7013363041
1429	124.301554811
1430	0.0
1431	1256.7024445
1432	30.3628230479
1433	8.88211935124
1434	18.5759457607
1435	757.488855191
1436	111.880526338
1437	171.703656987
1438	3.70843311203
1439	0.207188848659
1440	782.41338376
1441	23.7594584193
1442	0.666666666667
1443	0.890079365079
1444	72.5163671704
1445	23.3369920113
1446	538.639607749
1447	304.862962212
1448	84.9583848413
1449	130.69558671
1450	5445.84092653
1451	28.5770084001
1452	13.2205083426
1453	78.7897408147
1454	40.0309025308
1455	0.0
1456	134.258214741
1457	14.9394481107
1458	942.010970653
1459	244.786534848
1460	217.099127293
1461	8.4274331203
1462	65.0220608667
1463	2.26139532651
1464	26.0667671104
1465	200277.761235
1466	0.0
1467	421.095163327
1468	4.73568636635
1469	288.51844038
1470	73.886037539
1471	439.495471566
1472	640.076717175
1473	533.182666943
1474	0.166666666667
1475	370.91527852
1476	3.22821067821
1477	29.8287279306
1478	5.00839160839
1479	129.57573419
1480	596.912018858
1481	9.43368017892
1482	75.260387575
1483	5137.38530817
1484	9.86504217553
1485	1104.10176768
1486	0.0
1487	631.082690196
1488	184.266886045
1489	2.942018647
1490	0.190168238841
1491	100.385608972
1492	34.9056179806
1493	1.11779383509
1494	796.311920086
1495	114.585586355
1496	122.362252368
1497	76.5440403182
1498	0.666514690983
1499	8.30952380952
1500	25.7722408606
1501	17.9114006219
1502	147.446044468
1503	12.9270486241
1504	114.468672833
1505	30825.7326904
1506	0.171989948476
1507	68.0262033077
1508	20.5220027957
1509	4140.11156537
1510	0.25
1511	1210.19866657
1512	436.114348211
1513	1746.30490448
1514	55.8815650821
1515	215.194593526
1516	135.850622618
1517	4.93735511244
1518	2244.86838275
1519	161.301309498
1520	158.65738404
1521	0.0
1522	5139.97615308
1523	2148.6515216
1524	8.55935104642
1525	128.092057451
1526	24.1910127401
1527	25.2834849361
1528	444.400161652
1529	291.037396519
1530	41.6973455194
1531	67.2927350427
1532	6.58312637496
1533	47.0138423888
1534	48484.2695114
1535	42.2223427909
1536	5541.75566055
1537	3732.97867611
1538	62.6042201559
1539	29.2818919551
1540	3440.17583774
1541	22.0692220667
1542	21.318232404
1543	100.121955404
1544	41.0316056278
1545	1671.94646733
1546	0.0
1547	72.3670675024
1548	76.4039768434
1549	1958.01787849
1550	6.40999946111
1551	271.774578937
1552	20.3502104176
1553	6153.3697725
1554	263.149527512
1555	2236.78761506
1556	7.64423213701
1557	302.672383315
1558	0.0
1559	433.93222178
1560	0.0
1561	120.457592942
1562	9.91666666667
1563	125.94191201
1564	23.3459708979
1565	54.7108549929
1566	34.3988927739
1567	590.52156707
1568	1.43934059415
1569	184.604357413
1570	166.433039328
1571	75.2490191415
1572	7.06176361601
1573	227.006623356
1574	2167.24449316
1575	28.222885856
1576	87.4746224892
1577	324273.314637
1578	24.7563791806
1579	0.0769230769231
1580	50.8396288057
1581	0.0
1582	19.6253317618
1583	185.44247137
1584	2151.99410822
1585	46.88308675
1586	0.0
1587	20.3055025611
1588	429.684467317
1589	401.854252589
1590	2653.16853828
1591	482.622660095
1592	2.03244884268
1593	4510.74067265
1594	30.3703487681
1595	39.4734422926
1596	81.4811401304
1597	110.382848485
1598	584.71221223
1599	9.0645021645
1600	184.515243953
1601	4.6690035892
1602	2.41018906125
1603	121.125643298
1604	786.614513382
1605	65.4802664624
1606	11.3911620025
1607	1.66666666667
1608	114.257521466
1609	118.649894451
1610	308.868494301
1611	244.509086633
1612	696.237849289
1613	334.520724329
1614	147.337933363
1615	14.2311962547
1616	86.1690224307
1617	3652.49090151
1618	1328.27646232
1619	86.3679669088
1620	956.76784717
1621	7028.25630712
1622	701.620543939
1623	54.1540849526
1624	38.7696100284
1625	5.68109834462
1626	1048.62605199
1627	0.0
1628	155.356125582
1629	7.01433983995
1630	514.421929086
1631	0.111111111111
1632	51.2596672787
1633	15.4797774478
1634	45.6866350525
1635	13.2845045203
1636	82.5531385374
1637	319.31260649
1638	20.43992511
1639	192.652651553
1640	0.610256410256
1641	20.7956709957
1642	13711.5512256
1643	45.115043968
1644	104.911125476
1645	124.701614789
1646	26.3435897436
1647	38.6980447026
1648	1.25738193578
1649	22.0381812058
1650	81.1208561336
1651	0.0
1652	40.6995669549
1653	20.6222765467
1654	5.68011247874
1655	22.5218101524
1656	12268.1739954
1657	0.0
1658	32.5667246376
1659	33.3607741974
1660	53.5943522322
1661	206.418655776
1662	158.903067383
1663	8966.6794854
1664	2.5
1665	109.611966467
1666	50328.6952195
1667	47.3337918789
1668	81.2024771162
1669	121.817155263
1670	28.0518395493
1671	129.720099006
1672	25.7442319791
1673	77.0219952392
1674	340.522634404
1675	228.300836745
1676	9.20687547746
1677	51.7529732779
1678	95.1373792138
1679	27.8151427054
1680	277.295966154
1681	25.7648658573
1682	67.8048866838
1683	289.502967924
1684	2753286.68691
1685	98.3793835359
1686	58.0963901401
1687	7388.91690073
1688	4484.19021012
1689	98.0110344231
1690	0.0
1691	30.2595972051
1692	858.419790095
1693	0.5
1694	270.681460498
1695	17.3950963528
1696	14.1198773449
1697	185.046817288
1698	10.2608542601
1699	150.557141558
1700	7.80682841224
1701	8.23318389127
1702	3392.21470761
1703	307.996322457
1704	16.0641228431
1705	461.418052673
1706	60.5056971317
1707	293.394131905
1708	3.53455988456
1709	263.552809807
1710	7.74263422868
1711	1.5
1712	70.4507540825
1713	1.5
1714	284.289316157
1715	48.3974897742
1716	61.7613732439
1717	191.920112825
1718	304370.648063
1719	109.420896313
1720	196.173725278
1721	81.8305104314
1722	75.3821512356
1723	10.944195416
1724	88.0899976689
1725	254.642071876
1726	7072.22829104
1727	89.6737872538
1728	11.6077895026
1729	230.160051503
1730	1114.04772676
1731	0.733333333333
1732	45.8488715151
1733	14.4437470735
1734	22.1863709933
1735	76.5079435258
1736	209.39725758
1737	23.7706911251
1738	23.2029918222
1739	8.86753981313
1740	421.335353261
1741	109.267740947
1742	142.652565171
1743	51.1288956546
1744	98.7301863472
1745	704.973225066
1746	573.459209914
1747	11.5763453451
1748	1.48881108572
1749	11.5114028945
1750	147.710277753
1751	26.726220419
1752	81.1110007556
1753	42.5750024901
1754	65.7038635557
1755	0.0
1756	2.69463755199
1757	130.347712612
1758	10656.2251816
1759	0.503968253968
1760	0.5
1761	641.70949271
1762	0.0
1763	17.0443297968
1764	4.33831114561
1765	138.995764895
1766	26.7977476754
1767	111.890954387
1768	912.93502923
1769	520.529038654
1770	143.398890267
1771	1.91839018615
1772	32.2832384418
1773	4.62010555372
1774	56.8387223268
1775	0.0208333333333
1776	0.0
1777	1.84706291937
1778	574.760025213
1779	72.304771117
1780	524.328234833
1781	47.1580255097
1782	1760.1248683
1783	1540.4901153
1784	3.60965645253
1785	76.0112548356
1786	331.560649577
1787	85.2864423063
1788	1.175
1789	78.1348113175
1790	228.820495981
1791	282.672906663
1792	6.83230184848
1793	148.091393318
1794	444.610348109
1795	41.9317502279
1796	24.9815706072
1797	1.53225806452
1798	7.8028407447
1799	179.373538378
1800	1245.60625497
1801	8.98095019571
1802	0.356228887436
1803	372.225480027
1804	360.326294244
1805	17.1971936227
1806	2508.57212174
1807	154.655556853
1808	636.927106308
1809	94.9882930655
1810	79.8892243117
1811	32.3561414351
1812	29.2316869742
1813	823.602248085
1814	5.65757575758
1815	9.34103584604
1816	103.208810441
1817	217.609014407
1818	51.3191104583
1819	76.0434299585
1820	93.486786542
1821	1.67516858431
1822	5.45686201054
1823	136.54368928
1824	60.3141819362
1825	1599.66287079
1826	58.1087430225
1827	685.2160305
1828	256.740690093
1829	12.6334165834
1830	28.0222552005
1831	228.811612815
1832	12.9550318451
1833	322.532943208
1834	0.0
1835	6691.73864629
1836	419.370550021
1837	53.6417990215
1838	1.7
1839	250.706552643
1840	4.5170995671
1841	18.4167073191
1842	102.934590443
1843	78.6800250859
1844	382.971953723
1845	241.37025633
1846	1128.55539958
1847	4421.96372071
1848	7.68492747514
1849	65.7504874654
1850	66.4225674593
1851	89.1775353096
1852	611.969680616
1853	0.790495728462
1854	0.0
1855	10.8587372364
1856	0.0
1857	65.3512387869
1858	106.986981335
1859	49.612665031
1860	72.4859277406
1861	297.69250088
1862	34.5963142349
1863	1423.71412283
1864	186.728712653
1865	0.324675324675
1866	1025.4145482
1867	184.304526341
1868	117.505031818
1869	3.28399696709
1870	14.1223415028
1871	190.346184169
1872	87.1018231953
1873	5.8964055402
1874	1.2395824617
1875	57.5392399492
1876	192.099908236
1877	21.2867454843
1878	26.7363810164
1879	139.311640867
1880	5.54540178229
1881	380.40897465
1882	111.296454633
1883	709.345674363
1884	2.73805647256
1885	59.9291111707
1886	142.027032092
1887	0.494085048279
1888	965.312447883
1889	22.9761904762
1890	4.0
1891	43.3874843252
1892	0.0784615384615
1893	250.981655855
1894	187.203356325
1895	24.9241054449
1896	8.47619047619
1897	248.080253299
1898	64.3150775555
1899	255.55457911
1900	13.0600329755
1901	29.3356699339
1902	159.387441711
1903	15.9174688168
1904	24.9485636067
1905	0.30202020202
1906	8.17460350439
1907	12.5832036506
1908	27.211657304
1909	1607.54331001
1910	71.1657800533
1911	1502.38787595
1912	1868918.21226
1913	115.466092837
1914	12.4960268123
1915	3.66263736264
1916	426.551929905
1917	62.31740016
1918	38.5649787234
1919	43.3635500191
1920	329.552770926
1921	30.8762891505
1922	6.94169390551
1923	107.982136278
1924	0.201680672269
1925	45.1462450728
1926	4097.44750421
1927	22.5934158357
1928	3.93452257661
1929	21.478561462
1930	5.2419165428
1931	11.7843376631
1932	331.601034152
1933	3.16224053724
1934	8.02586580087
1935	22.1726405304
1936	25.2536148492
1937	0.5
1938	59.4701325292
1939	836.376559061
1940	125.672102311
1941	14077.0454804
1942	23.9325790596
1943	89.1643465317
1944	15.9185598068
1945	1427.57310728
1946	59.4794096892
1947	993.67413186
1948	493.27379434
1949	1.66273448773
1950	0.950467751476
1951	638.603231748
1952	12.0950374934
1953	10.7122085606
1954	5551.6770826
1955	505.226274747
1956	5.41666666667
1957	10.1717848535
1958	6.14900266483
1959	866.517433408
1960	85.4145762049
1961	4.0
1962	58.9429747077
1963	9.44568570228
1964	881.657147106
1965	17.8101207401
1966	173.096298116
1967	0.0
1968	13.4572709867
1969	0.0
1970	143.479411059
1971	56.2694465151
1972	825.112713976
1973	705.062317269
1974	2.20882352941
1975	84.9023048754
1976	385.975406804
1977	0.865079365079
1978	1.39604284604
1979	55.3556589803
1980	42.190843261
1981	12.1805396642
1982	38.6837486258
1983	209.251273864
1984	73.5126861547
1985	1079.52953274
1986	53.1555171309
1987	18.0495140114
1988	30.2937552643
1989	11.7888067217
1990	13.8147582809
1991	459.784755003
1992	1.63977591036
1993	144.2599787
1994	42.8204188363
1995	674.932276882
1996	0.2
1997	15.9284541524
1998	462.021661705
1999	8.67939423163
2000	7.88969552359
2001	538.215958559
2002	191.850957586
2003	633.522768283
2004	480.542281453
2005	26.4251703083
2006	21.8622101158
2007	11600.1136566
2008	2.28571428571
2009	326.701718997
2010	24.1472993743
2011	10.8252014824
2012	0.648955441745
2013	0.385921622237
2014	0.550487012987
2015	1.11666666667
2016	0.827455250882
2017	5.25
2018	482.834101357
2019	3.8756165746
2020	22.9312885183
2021	0.791012120782
2022	22.9094972691
2023	24.6284485194
2024	452.935509696
2025	3.41431554966
2026	1225.50467362
2027	316.416350252
2028	109.131981242
2029	56.1918928155
2030	57.6141481147
2031	1939.87360592
2032	1764.35210502
2033	40.0923327021
2034	7.25
2035	25.6597149714
2036	9.30556053424
2037	235.019586517
2038	4305.27961749
2039	484.710154107
2040	135.075745586
2041	6.58333333333
2042	745.460778305
2043	44.4077167568
2044	5.54505624505
2045	37.8576343509
2046	8.68465543389
2047	12031.531901
2048	17.2882455791
2049	69.6599169621
2050	1.72443287437
2051	2.21834733894
2052	216.671442742
2053	435.563430304
2054	2953.78106069
2055	14.4771296934
2056	160.968003295
2057	23.6688338423
2058	55.7373998162
2059	46.4427839959
2060	199.511190366
2061	22.0524308761
2062	771.002834284
2063	58.1801643503
2064	65.2227000325
2065	322.075183018
2066	1.03452380952
2067	17.2999687493
2068	1721.32427756
2069	130.37381345
2070	3.31213825585
2071	1224.78708377
2072	2086.05119796
2073	70.6054538179
2074	23.6836426581
2075	22.6044011652
2076	9.37354214413
2077	11.3713016592
2078	107.629352571
2079	0.0
2080	2.57194444444
2081	3709.23530934
2082	12.4145307307
2083	28.3716112337
2084	181.42210833
2085	62.1782880059
2086	19.4424186805
2087	1307.39459317
2088	93.7174031026
2089	8.40228595536
2090	44.8803716815
2091	50.2232303775
2092	45.3984505702
2093	132.045571068
2094	0.4
2095	83.5557366207
2096	5.42923923982
2097	5.94318750245
2098	11.0478494107
2099	19.655952381
2100	0.0
2101	448.841947235
2102	1790.80490712
2103	84.8999398458
2104	39.5947159044
2105	3.82397504456
2106	0.333333333333
2107	111.543703509
2108	21.9706462157
2109	13.6794656611
2110	12.8713098296
2111	3360.79854358
2112	42.7234726637
2113	1.87619047619
2114	13.6501193251
2115	20.9854938911
2116	945.966494948
2117	6515.67348537
2118	54.7087183816
2119	9.19493872851
2120	29.4246886885
2121	50.0384320523
2122	18.8937863109
2123	85.9763775874
2124	36.4651736221
2125	401.181701087
2126	254.97299161
2127	1018.62757226
2128	2387.48507396
2129	79.6349104817
2130	3.73853923854
2131	138.350076956
2132	1748.36948207
2133	8256.96531738
2134	235.80467074
2135	307.705673885
2136	5.65667334716
2137	271.489805718
2138	1090.49662428
2139	39.390899455
2140	37.4753163494
2141	3.32853755703
2142	732.933884453
2143	4616.33564198
2144	352.624150856
2145	133.126470335
2146	32.3781236593
2147	32.1912906562
2148	311.29761721
2149	523.55964899
2150	133.989886308
2151	139.033504116
2152	31.7576118326
2153	1053.474315
2154	59.7732024649
2155	775.360443748
2156	66.7632256632
2157	211.148767795
2158	0.708989050166
2159	18.316883581
2160	29.1220552109
2161	61.5756005106
2162	8.24513907145
2163	208.3288633
2164	14.5432096734
2165	29.9893743667
2166	2.39094516595
2167	0.0
2168	0.0
2169	247.306466636
2170	6.46236998296
2171	663.522220547
2172	86.8744725901
2173	65.5134155447
2174	1630.26413838
2175	1.61785714286
2176	2918.02627214
2177	0.485498198926
2178	0.5
2179	11.3907517942
2180	509.780663456
2181	15.5425287131
2182	0.514069264069
2183	857.845348724
2184	79.5375112615
2185	119.683314319
2186	4.07654139084
2187	937.023819252
2188	70.2966676456
2189	8173.63992012
2190	31.2078039562
2191	148.061225878
2192	12.6761361665
2193	11.6776398438
2194	350.557223331
2195	0.0
2196	95.3285855986
2197	18.2097454291
2198	87.5077142536
2199	4757.65500782
2200	58.9101564463
2201	52.3807184384
2202	22.1334582905
2203	1027.23387013
2204	0.0
2205	1.33891122372
2206	99.3069376318
2207	35.3143217893
2208	6.977335506
2209	16.8375341778
2210	123.868256886
2211	108.718060709
2212	15.8745782528
2213	9.21825590324
2214	42.3694147212
2215	171.944936514
2216	22.8114469616
2217	9.02424242424
2218	119.634680341
2219	0.0
2220	58.6239957023
2221	39.7548897226
2222	55.3076236271
2223	1196.02378395
2224	807.708447712
2225	477.575349625
2226	117.27217742
2227	2.21488095238
2228	51.2994395912
2229	285.81506535
2230	0.0833333333333
2231	63.1390415057
2232	193.685929639
2233	930.700121633
2234	11.117781785
2235	149.268316847
2236	72.7151117529
2237	19.0543828216
2238	10.9681799195
2239	264.519882951
2240	94.6739166355
2241	270.700955651
2242	88.8506149332
2243	41.8619284321
2244	71.7517389559
2245	0.342857142857
2246	335.461344195
2247	2106.23533419
2248	6.73144992263
2249	10.5427222232
2250	1163.64917056
2251	4.40205627706
2252	0.0909090909091
2253	32.9902102299
2254	525.437025721
2255	4.26666666667
2256	0.285714285714
2257	36.1524548292
2258	4.73390225508
2259	119.837616896
2260	24.3053736898
2261	13.6463813733
2262	4.72450079075
2263	0.95
2264	736.600976764
2265	3.58568931069
2266	13919.9351428
2267	596.494067929
2268	7604.00854049
2269	0.0
2270	0.983552177956
2271	56.7278274209
2272	25.6467508824
2273	81.4606411777
2274	4.42936433202
2275	47.4205470319
2276	30.9319853627
2277	18.3295518207
2278	330.432660155
2279	852.937364374
2280	34.1555925039
2281	1.97619047619
2282	1680.01477825
2283	4407.6589619
2284	599.595801911
2285	102.097183488
2286	18.5973865574
2287	30.2350344463
2288	34.2595155658
2289	8842.78950339
2290	38.2166177198
2291	9.26735527544
2292	2405.79673626
2293	100.131924591
2294	857.303736689
2295	35.1402560361
2296	38.1530351661
2297	15.0942992449
2298	167.883928599
2299	31.359428166
2300	145.065744673
2301	4.32619047619
2302	2171.93646784
2303	8.02073815389
2304	57.6651234365
2305	1.05981334135
2306	7.20679754034
2307	16.3533532071
2308	22.3497649787
2309	208.968635836
2310	7.2113390322
2311	8.58618760053
2312	1.38941366941
2313	1093.15452772
2314	6.74136264063
2315	50.4811700008
2316	9.89725829726
2317	78.5109959401
2318	45.8045601716
2319	1096.50405769
2320	1.80363982423
2321	5.28333333333
2322	150.281579892
2323	47.732259911
2324	416.819719142
2325	2240.36904211
2326	51.605162392
2327	1886.61897846
2328	2804.10453306
2329	45.0790214262
2330	154.877695521
2331	81.8051120519
2332	267.794466782
2333	2533.45247367
2334	119.200740922
2335	60.4261701104
2336	2013.03579194
2337	209.786635682
2338	69.3998729158
2339	84.5585490509
2340	75.1628427382
2341	55.0789386053
2342	51.5715143383
2343	311.518911029
2344	1114.40355024
2345	136.716165838
2346	10.8229090484
2347	26081.2286452
2348	60.3400868884
2349	5.46439018498
2350	40.9635004543
2351	204.143537204
2352	33.5206549044
2353	8.84800033565
2354	39.5049887625
2355	239.236005736
2356	28.0482988924
2357	15.7186258186
2358	0.916666666667
2359	15.6105703106
2360	6.98794903926
2361	121.451690494
2362	3.10343611718
2363	34.5263780749
2364	731.292795738
2365	28.5552136013
2366	39.5081634093
2367	57.2289594791
2368	1253.19513359
2369	82.4595433749
2370	23.4285381358
2371	49.3577134598
2372	276.121777502
2373	7.09333206204
2374	26.2950952491
2375	0.0
2376	131.138449482
2377	262.010364138
2378	348.852232305
2379	28.4030961152
2380	0.0
2381	45.1323430013
2382	0.0
2383	5.03466050782
2384	3663.37288307
2385	552.472940674
2386	24.8510989189
2387	64.5798859976
2388	1.68333333333
2389	788.887963053
2390	10.0944977723
2391	83.7329072392
2392	53.9240510277
2393	19.9115748878
2394	872.523915213
2395	153.282353121
2396	59.9441275139
2397	75.5166264964
2398	1753.90494964
2399	1222.47480483
2400	3.29263422162
2401	29.119836294
2402	4.47121563787
2403	7.62056538233
2404	92.8869184659
2405	21.9523060273
2406	43.1558440511
2407	8.77402958463
2408	20.9663729509
2409	61.2860128927
2410	169.738732468
2411	58.4809493671
2412	72.3758976103
2413	154.380002923
2414	66.3484754981
2415	9.16283002202
2416	26.5623054438
2417	1290.57507665
2418	9.04758704828
2419	1810.80885603
2420	63.5984233149
2421	6.91666666667
2422	0.25
2423	34.6787909162
2424	3.10257052889
2425	55.9121086591
2426	17.8528461734
2427	9.76224603032
2428	113.894328057
2429	99.4346177854
2430	39.2518144323
2431	0.0
2432	18.8029577435
2433	67.0747852678
2434	104.443313333
2435	3.25650035943
2436	339.001345481
2437	0.666666666667
2438	72.063650293
2439	2.83333333333
2440	39.5722430264
2441	0.0
2442	0.0119047619048
2443	55.2030228127
2444	0.877088597677
2445	330.475091865
2446	30.1712905867
2447	392.870978889
2448	45.2965340132
2449	44.7224064726
2450	4.72619047619
2451	1422.77139677
2452	1.91354293462
2453	15.7237807944
2454	4.74316845308
2455	13.2820438334
2456	6.52424242424
2457	0.0
2458	847.389548879
2459	494.28646042
2460	40.9431786442
2461	1143.13796348
2462	102.889958552
2463	576.04394662
2464	66.9750691679
2465	40.8843126289
2466	2.25604575163
2467	14.7143302747
2468	9885.8211041
2469	12.3209758083
2470	0.0
2471	1055.59167841
2472	1806.80758166
2473	50.9381399256
2474	36.7081508962
2475	671.344207334
2476	17.9806280909
2477	10.3420382509
2478	154.799038466
2479	3.7578535195
2480	24.7408472942
2481	0.142857142857
2482	43.3365553874
2483	0.0
2484	19.0744945228
2485	20.8930399029
2486	10.1088346294
2487	1.97619047619
2488	58.5193554728
2489	19.0163243768
2490	6.98852813853
2491	1560.99849383
2492	42.0697041163
2493	0.276785714286
2494	341.308577421
2495	24.8671022702
2496	0.345724001131
2497	27.0575936319
2498	1933.92817223
2499	93.6189804043
2500	44.8943881151
2501	1148.53848717
2502	476.046336062
2503	1.28935410994
2504	31.6000643036
2505	0.0
2506	63.499331279
2507	105.106770362
2508	646.572208755
2509	1637.49375632
2510	1989.70853685
2511	1852.37790335
2512	3591.44412667
2513	3.04808426867
2514	1.41252587992
2515	5.7905085111
2516	145.490144633
2517	0.0
2518	58.5159199842
2519	16.0832905843
2520	55.2660424191
2521	40.7338681335
2522	3.23946334352
2523	15.5334260897
2524	2.74357729225
2525	19.6676241329
2526	430.711414683
2527	1.0
2528	0.65
2529	858.186393764
2530	172.791264266
2531	21.9237847578
2532	8.67542511669
2533	699.879583567
2534	12.9328064909
2535	8.71666666667
2536	46.1947490772
2537	73.5728468259
2538	534.487890501
2539	18.5393011177
2540	90.2697706776
2541	0.0
2542	11060.6972875
2543	61983.0533102
2544	126.963827707
2545	4.48015873016
2546	34.3467795256
2547	637.079661225
2548	0.333333333333
2549	22.699682116
2550	131.204683261
2551	82.4293260104
2552	12.7912831453
2553	94.7721094511
2554	8.69515803282
2555	492.344214669
2556	22.5480718699
2557	27.5908807291
2558	45.2428571429
2559	27.9710045944
2560	387.136246204
2561	56.3534645321
2562	11.3151949358
2563	12.2046470905
2564	77.5361657311
2565	0.2
2566	18.0251794916
2567	466.896792318
2568	0.283419276802
2569	0.0
2570	32.9976945225
2571	184.908524222
2572	7.16945787635
2573	37.6760391933
2574	12.7336274283
2575	79.0285669989
2576	21.9019554265
2577	14.3737442081
2578	26.3824657061
2579	7.55335487399
2580	0.222756410256
2581	56.8535718907
2582	112.78611262
2583	363.093847093
2584	1.96366062237
2585	8.00959599881
2586	39.0934293193
2587	14.4636275274
2588	493.006397546
2589	387.017459073
2590	79.9939203315
2591	6.25225601246
2592	584.998382924
2593	40.3354702788
2594	779.721873559
2595	0.0
2596	0.0
2597	545.814555729
2598	1761.45862174
2599	0.221654311397
2600	66.3609378061
2601	61.1687675215
2602	140.211554124
2603	86.911138256
2604	122.393837302
2605	104.012592843
2606	2.60729520344
2607	77.1255876822
2608	623.297733169
2609	1.52223739254
2610	143.771448393
2611	307.292648512
2612	18.4460100035
2613	0.875717278475
2614	19.9552881759
2615	56.6281188707
2616	788.890655237
2617	1398.44965761
2618	30.6537634343
2619	35.6235043433
2620	23.929014543
2621	0.2
2622	26.8548663755
2623	47.5364615448
2624	223.496962951
2625	45.5436943637
2626	16.7669578556
2627	10.1610207795
2628	16.2714229529
2629	1306.43101685
2630	40.598801715
2631	35.6413995647
2632	0.266666666667
2633	8.61096210349
2634	2.5
2635	232.583390275
2636	294.644067611
2637	26.6966304189
2638	25.7555874308
2639	8.89393449748
2640	526.850431753
2641	10.3512247416
2642	4464.29707824
2643	558.365456911
2644	37.7885764908
2645	24.1448192761
2646	62.6590182583
2647	451.443516801
2648	22.7243134012
2649	756.446811049
2650	3.09613621672
2651	2.47777777778
2652	3.67742639403
2653	274.529967767
2654	17.7256059269
2655	30.7380560338
2656	16.1032467532
2657	16.4457107221
2658	7.46948133065
2659	330.831977923
2660	305.666770246
2661	229.422433673
2662	77.9652429921
2663	29.271355608
2664	76.3504859372
2665	170.549142687
2666	41.952012369
2667	35.1405885781
2668	122.286505162
2669	142.690770455
2670	4.92540792541
2671	0.0
2672	30.9925296997
2673	15.1664322827
2674	70.7977018853
2675	63.493319867
2676	96.5785749594
2677	183.103550478
2678	3.70139273779
2679	158.136876082
2680	31.5096058907
2681	21.1846616176
2682	7.55053228935
2683	178.422555427
2684	15.0841039006
2685	7.47595917155
2686	27.6574173762
2687	3.0107139117
2688	12.2285714286
2689	49.3199536038
2690	104.36494339
2691	0.0
2692	0.15
2693	268.720071226
2694	199.295854988
2695	0.622303921569
2696	30.4836972668
2697	15.6254329004
2698	41.6865013533
2699	0.448484848485
2700	32.5011904762
2701	3.13557311412
2702	41.8605852481
2703	2.39207459207
2704	0.0
2705	6.68709259294
2706	89.8474100305
2707	222.798072591
2708	15.4596999438
2709	13.1928571429
2710	7.91803058053
2711	86.653534029
2712	39.1119842604
2713	56.7291846093
2714	0.5
2715	83.8094191184
2716	510.48370555
2717	9.30618056008
2718	102.350205036
2719	264.792498345
2720	75.1921838662
2721	0.0
2722	0.0
2723	8.17384559885
2724	657.437379415
2725	30.1061438561
2726	11.6510642136
2727	15.0741452991
2728	64.7854437186
2729	159.682950029
2730	807.484740749
2731	12.252640437
2732	0.142857142857
2733	10.6399804421
2734	190.522037622
2735	38.2552398041
2736	0.0
2737	23.6308455318
2738	286.262511273
2739	74.6543609014
2740	0.0
2741	72.8474149323
2742	381.903871285
2743	42.9768788565
2744	20.7076691283
2745	56.5508072695
2746	0.803838104817
2747	5.98875243114
2748	284.859872841
2749	38.4733079664
2750	69.5630826179
2751	82.8287455748
2752	29.5436868687
2753	48.0074388925
2754	468.80626993
2755	81.7739332911
2756	23.9389635172
2757	89.3390617949
2758	152.372556713
2759	56.4567369929
2760	21.4994400549
2761	13.1543040806
2762	30.8642559911
2763	88.9089474365
2764	307.31401033
2765	17.4663492831
2766	7.10668246872
2767	0.0
2768	54.5887786019
2769	5.81946615476
2770	4.50539741927
2771	6.03455988456
2772	128.320872778
2773	37.5572198272
2774	0.2
2775	76.2495203988
2776	0.894444444444
2777	92.4521732512
2778	299.692160979
2779	3.75708238122
2780	305.297594043
2781	231.968607429
2782	149.60089729
2783	69.4265601874
2784	74.4175869882
2785	126.673039041
2786	190.249553115
2787	167.273763453
2788	0.0
2789	19.7534201909
2790	5.30876623377
2791	15.525534188
2792	0.0
2793	255.110345784
2794	3.38820244241
2795	59.5616235661
2796	65.8069638734
2797	12.973811833
2798	0.0833333333333
2799	0.111111111111
2800	82.8269783131
2801	1.46120448179
2802	2.35445845291
2803	46.4336802087
2804	4.76538461538
2805	6.6
2806	99.2117029871
2807	31.1868468949
2808	0.0
2809	17.9184356278
2810	89.4408177299
2811	2.7873015873
2812	85.0980902382
2813	211.343435467
2814	0.0
2815	23.7012397326
2816	2.59285714286
2817	0.0
2818	33.9161828368
2819	44.3992196626
2820	14.9453463203
2821	6.42555423228
2822	65.6101639578
2823	18.0121223114
2824	0.0
2825	97.5395919039
2826	81.5082402671
2827	61.8898719721
2828	83.6503535438
2829	13.2328309146
2830	13.8008817363
2831	18.1822871573
2832	69.4472891466
2833	117.471093159
2834	3.5
2835	17.8910296353
2836	103.251525109
2837	6.43122710623
2838	0.0
2839	469.326244033
2840	50.6871443797
2841	111.159138084
2842	0.0
2843	21.9592090679
2844	55.8664535977
2845	28.0389663255
2846	11.694222359
2847	15.9595238095
2848	49.1548608396
2849	83.0894306699
2850	7.8447997502
2851	19.7620453076
2852	0.287123468319
2853	43.5873461127
2854	49.9380771522
2855	0.0
2856	28.5095598846
2857	0.0
2858	28.3230519481
2859	21.5737221112
2860	0.0
2861	4.875
2862	51.4928487347
2863	765.607517972
2864	67.5044000764
2865	125.594966042
2866	83.1643972839
2867	92.8134360929
2868	43.2944014319
2869	2102.10509313
2870	35.8206339941
2871	95.6391096528
2872	57.6202771557
2873	76.1626635687
2874	31.7470415456
2875	84.6378800842
2876	8.46619399119
2877	201.558017195
2878	8.26490731491
2879	0.719913419913
2880	45.4998356124
2881	185.861383881
2882	9.41785714286
2883	246.058945463
2884	2.70757575758
2885	0.0
2886	2.42619047619
2887	28.2082058157
2888	5.07860976743
2889	22.4651515152
2890	172.419020011
2891	5.69029501211
2892	127.775972666
2893	7.30952380952
2894	143.524268276
2895	4.85753968254
2896	42.6015532823
2897	23.5615158158
2898	0.376623376623
2899	0.0714285714286
2900	0.661706349206
2901	309.37080207
2902	0.0
2903	5.93971861472
2904	334.373310718
2905	54.6135381875
2906	90.714248275
2907	10.6480318823
2908	1.78748620904
2909	114.813878048
2910	96.6465717596
2911	35.9599176307
2912	26.4592386087
2913	122.666396905
2914	106.426352856
2915	191.093035089
2916	85.0034966713
2917	1.62720780163
2918	9.1332957677
2919	80.8794972049
2920	98.5873625636
2921	113.538615599
2922	0.0
2923	30.2694966583
2924	28.6746724232
2925	86.9898912656
2926	3.54166666667
2927	135.599083806
2928	156.499403692
2929	27.3963055637
2930	0.142857142857
2931	55.6691966958
2932	70.2478461471
2933	8.35952380952
2934	29.6200757576
2935	5.225
2936	133.544307189
2937	85.2024804515
2938	73.7737539207
2939	60.432654314
2940	41.6560203722
2941	14.6806292156
2942	5.91388888889
2943	125.08764651
2944	278.404894038
2945	37.9224761494
2946	372.354071657
2947	3.70145832691
2948	10.8456422646
2949	33.0428571429
2950	140.71016553
2951	930.42149927
2952	0.5
2953	9.20806420229
2954	12.3535714286
2955	116.267985094
2956	133.805948839
2957	19.669047619
2958	155.254254525
2959	2.41501831502
2960	121.091948231
2961	6.72403707404
2962	109.760076443
2963	0.266666666667
2964	135.855479163
2965	19.8311035129
2966	218.737677953
2967	10.5631498333
2968	161.123027599
2969	54.2727648684
2970	6.33503706782
2971	1.29289321789
2972	2.08255078255
2973	109.049442614
2974	28.15233652
2975	0.5
2976	266.03453385
2977	7.80564211001
2978	32.8525025413
2979	279.881581576
2980	0.0
2981	12.5461665651
2982	0.398351648352
2983	12.1761904762
2984	30.1165273326
2985	16.9201745079
2986	125.209959605
2987	9.17698559507
2988	58.6783946169
2989	111.177418362
2990	3.19100980719
2991	30.4039089579
2992	172.412643062
2993	39.2085574041
2994	63.9164341872
2995	18.8213785469
2996	113.429465645
2997	13.3428571429
2998	0.333333333333
2999	160.587816655
3000	127.22035917
3001	183.14917681
3002	423.71228561
3003	0.0
3004	27.6666952758
3005	327.790656466
3006	0.0
3007	32.5952155261
3008	0.465018315018
3009	21.9532662429
3010	69.1017516482
3011	325.986476574
3012	2.10119047619
3013	9.38055085102
3014	19.6818955429
3015	8.40403664962
3016	50.9475780673
3017	260.99385588
3018	60.5176235314
3019	878.824145293
3020	966.136905422
3021	12.8616141066
3022	64.7176872801
3023	19.2633530562
3024	14.7075594411
3025	79.6258891152
3026	209.935800455
3027	309.800655544
3028	10.125
3029	25.418071922
3030	0.558029878618
3031	0.0
3032	10.8635770061
3033	104.529742265
3034	279.690962749
3035	213.140443819
3036	48.7225789538
3037	0.0
3038	318.196557427
3039	3.20478000825
3040	11.7446086173
3041	32.9779229902
3042	20.9398020274
3043	21.5000031831
3044	1.33333333333
3045	5.36666666667
3046	73.4884843273
3047	10.4441729096
3048	14.6080298786
3049	126.394417442
3050	15.4209576973
3051	443.625541694
3052	76.5053927204
3053	1.28611111111
3054	129.389900028
3055	0.2
3056	81.3679284864
3057	56.6384728303
3058	0.45673414305
3059	0.0
3060	175.98429782
3061	10.8932539683
3062	178.967766539
3063	1.06904761905
3064	27.3845888343
3065	22.9876121799
3066	9.35119047619
3067	18.7206349206
3068	7.32319245082
3069	16.2253588517
3070	38.9993882853
3071	0.0
3072	253.091401621
3073	63.9604235066
3074	0.2
3075	42.6519175544
3076	277.322108557
3077	307.028270225
3078	129.816070887
3079	170.547201233
3080	37.2906292543
3081	73.1449115212
3082	386.316512287
3083	2.14166666667
3084	214.067243114
3085	29.8221714556
3086	55.1480054459
3087	185.408523429
3088	6.9168115942
3089	134.166640335
3090	518.194288327
3091	0.0
3092	1.62480264826
3093	10.6435366665
3094	0.202887989204
3095	15.5663382369
3096	48.3675647015
3097	295.441384329
3098	50.8949109463
3099	3.51785714286
3100	760.31760742
3101	2912.72390283
3102	8.1469409299
3103	18.013451826
3104	204.335084267
3105	15.1083333333
3106	59.0734419459
3107	257.269579916
3108	19.8859277684
3109	8.85779134459
3110	19.9573033247
3111	1199.20002557
3112	0.777682544369
3113	130.532796383
3114	75.146329239
3115	108.073443395
3116	310.691829772
3117	383.37639292
3118	115.752623225
3119	103.728796658
3120	61.403820558
3121	1.0
3122	0.236111111111
3123	18.5958878698
3124	92.1099214559
3125	0.0
3126	0.142857142857
3127	0.2
3128	1.49285714286
3129	36.6284076394
3130	5.02413738223
3131	0.142857142857
3132	90.5279420815
3133	3.84404761905
3134	0.0
3135	16.6738885793
3136	363.728782905
3137	102.110821349
3138	23.2888639139
3139	19.721035631
3140	406.171002552
3141	4.31111111111
3142	23.1014568326
3143	0.166666666667
3144	25.441977467
3145	140.841250857
3146	85.4321824017
3147	0.0
3148	49.9410193061
3149	49.9698537206
3150	296.064665179
3151	11.0415496054
3152	281.684158759
3153	8.52883131697
3154	694.563731305
3155	8.99523809524
3156	6.31676003735
3157	21.5240258615
3158	44.7644928165
3159	3.1
3160	29.0316988459
3161	3.14285714286
3162	376.516321165
3163	5.33737614258
3164	21.2675850265
3165	11.4839216339
3166	22.5494910653
3167	10.5341697905
3168	416.807941712
3169	24.0760065684
3170	12.8936168838
3171	32.7692732706
3172	124.134185619
3173	6357.49119537
3174	46.5975320716
3175	0.0625
3176	40.7366961255
3177	118.018696169
3178	141.082439782
3179	371.256123031
3180	0.142857142857
3181	0.142857142857
3182	111.129000519
3183	0.0
3184	75.8284359869
3185	277.233366751
3186	451.59256909
3187	64.9077077914
3188	106.365912927
3189	12.4914436441
3190	7.62579365079
3191	88.3772043041
3192	6.77469847435
3193	21.279832976
3194	4.47197619554
3195	68.5923365945
3196	102.794000745
3197	3.0
3198	404.174739171
3199	20.6585861913
3200	5.78611111111
3201	416.107204264
3202	1.15877027666
3203	63.3359504851
3204	82.1743448779
3205	97.7103451684
3206	30.8200764167
3207	58.6384801458
3208	22.0738095238
3209	6.57405036799
3210	11.1904382168
3211	69.9092032967
3212	39.4972259202
3213	28.6978260254
3214	396.116062457
3215	48.2089992836
3216	2.9
3217	1.55753968254
3218	0.236111111111
3219	73.5638943363
3220	33.404300605
3221	62.118961594
3222	112.115441286
3223	35.1111678006
3224	100.875865056
3225	39.4291769834
3226	74.5210809958
3227	2.36111111111
3228	13.8827207892
3229	5.54171384171
3230	0.0
3231	40.6330368705
3232	185.745372235
3233	470.13626137
3234	26.697058366
3235	1.44400656814
3236	21.9300724989
3237	24.4248538238
3238	13.9517319816
3239	34.8797506504
3240	165.04202872
3241	4.6591709789
3242	21.9735994398
3243	3.85097681157
3244	9.34935064935
3245	158.841334187
3246	9.03971861472
3247	31.2496049469
3248	792.427005549
3249	11.376367097
3250	2.44901745257
3251	3.64285714286
3252	112.176695427
3253	185.188290202
3254	12.9037628007
3255	73.0922751626
3256	402.185850252
3257	33.8234240372
3258	1123.88262829
3259	69.3671132961
3260	28.6373890227
3261	80.0401842429
3262	3.11857233733
3263	2412.16316978
3264	24.7251479472
3265	931.878594191
3266	0.125
3267	126.885588911
3268	0.0
3269	6.05119047619
3270	0.2
3271	1.5
3272	93.4125750593
3273	28.9667514031
3274	321.436865891
3275	101.731270119
3276	36.0767042601
3277	110.391405713
3278	157.932258365
3279	76.5027791653
3280	513.771232315
3281	0.478412901392
3282	0.0
3283	1.34597069597
3284	31.1383565541
3285	21.2531954185
3286	13.2780264982
3287	104.553467764
3288	87.6098846331
3289	317.695802393
3290	2.51785714286
3291	632.112104558
3292	14.1885281385
3293	47.6242152824
3294	22.3661859438
3295	225.26780999
3296	97.3404302918
3297	35.0524821437
3298	81.7434772608
3299	161.254943543
3300	14.5030122655
3301	28.0737161651
3302	509.136292147
3303	67.2333241565
3304	367.230779596
3305	0.97619047619
3306	25.2997840148
3307	30.2086476024
3308	0.60119047619
3309	9.04683649684
3310	0.25
3311	0.160256410256
3312	11.1350251056
3313	65.8767906383
3314	1.8380952381
3315	2.45432029872
3316	22.5478191958
3317	0.0
3318	11.0920745921
3319	96.8712443822
3320	501.829087702
3321	177.045894927
3322	0.142857142857
3323	1.33817775015
3324	264.343015363
3325	10.7254079254
3326	24.5582112332
3327	291.411710448
3328	47.5660306053
3329	31.3824624206
3330	406.370754482
3331	337.839841736
3332	76.7308374073
3333	1.28333333333
3334	0.549206349206
3335	188.721846638
3336	0.0
3337	23.1446459932
3338	0.990909090909
3339	55.9463703449
3340	25.138655306
3341	78.0275680875
3342	308.044058017
3343	20.8702380952
3344	108.433920095
3345	176.696378221
3346	88.7051297945
3347	156.055324405
3348	85.0129510732
3349	6.88412698413
3350	242.417880972
3351	120.50612884
3352	0.238827838828
3353	227.784455984
3354	0.236111111111
3355	154.915243222
3356	5.01726088239
3357	11.5436106476
3358	6.21222886591
3359	14.1413483575
3360	306.578913311
3361	107.926288179
3362	121.848543366
3363	434.576523659
3364	22.4919819118
3365	179.297784071
3366	440.126884567
3367	0.303054284261
3368	0.45
3369	125.566582884
3370	0.368686868687
3371	1.42460872461
3372	0.0
3373	28.4707853982
3374	20.5642857143
3375	0.25
3376	0.0
3377	30.0099659411
3378	79.7734329905
3379	19.6038199612
3380	21.8699217654
3381	31.5397948236
3382	1.04683649684
3383	24.6408480408
3384	21.8670753147
3385	1351.07857915
3386	299.334857514
3387	144.752793665
3388	3.34240111654
3389	0.6
3390	19.2625921545
3391	19.7935791669
3392	11.0587340437
3393	31.0617485521
3394	50.7809454189
3395	81.6468314336
3396	196.953793943
3397	644.494374703
3398	0.452380952381
3399	9.93398348138
3400	37.0541385461
3401	0.0
3402	11.3192982456
3403	160.727244667
3404	142.43088293
3405	14.5504329004
3406	753.108360304
3407	0.0
3408	0.0
3409	77.5952866247
3410	41.7082610802
3411	214.948611151
3412	217.084520897
3413	0.0
3414	2.8093197712
3415	62.5443133333
3416	26.5663335256
3417	120.299462322
3418	4.20559163059
3419	83.0818772411
3420	78.1857310775
3421	18.8006576757
3422	53.0198636378
3423	1.17380952381
3424	0.125
3425	4.37777777778
3426	428.295111774
3427	0.990909090909
3428	3.20638528139
3429	0.25
3430	17.8514017139
3431	57.1078596842
3432	14.0293413887
3433	46.8927913046
3434	274.613251712
3435	27.221185474
3436	0.936081048581
3437	1924506.15157
3438	24.912235364
3439	2.56666666667
3440	4795.54206939
3441	2.49166666667
3442	173.108784608
3443	29.145414716
3444	0.25
3445	0.0
3446	2.67142857143
3447	1.41071428571
3448	71.0234736047
3449	54.3965891159
3450	2.44096774321
3451	0.0
3452	3.48631216565
3453	0.0
3454	5642.16025383
3455	72.792533212
3456	9482.43346716
3457	0.966393442623
3458	7.51898131825
3459	17.8885642136
3460	44.0664440951
3461	1.42063492063
3462	6.0851242983
3463	18.8667603222
3464	68.5369856451
3465	0.558608058608
3466	41.695340199
3467	0.0
3468	64.3480602731
3469	34.0804703466
3470	18.9200749442
3471	19.7042894761
3472	1.78344155844
3473	2.77312409812
3474	14.745483683
3475	37.2116351247
3476	6.73717948718
3477	2.11666666667
3478	4.46641414141
3479	0.685064935065
3480	16.5080421492
3481	0.613636363636
3482	10.452020202
3483	12.8596320346
3484	12.5890123765
3485	10.0570101802
3486	19.1234390365
3487	2238.90551619
3488	42.6162581984
3489	0.0
3490	12.3488095238
3491	11.3971675088
3492	3.0919011544
3493	4.28629636188
3494	0.866666666667
3495	11034.8987966
3496	45.6075396825
3497	11.7904798238
3498	1.44672738384
3499	24.6775793651
3500	11.1108585859
3501	4971.02262823
3502	1.66666666667
3503	7.6926263512
3504	5.78333333333
3505	39.8004440004
3506	151.557176458
3507	4.81904761905
3508	50.6256673882
3509	6.65225595405
3510	13.2391344766
3511	64.268986569
3512	9.74466889348
3513	0.75
3514	37.7298624089
3515	8.29051226551
3516	0.419913419913
3517	5.83782785842
3518	11.5513953452
3519	5.09194139194
3520	4.59258976318
3521	421.277694261
3522	4.55674603175
3523	0.613636363636
3524	12.0715367965
3525	5982.21751646
3526	94.3288406067
3527	5.04260528827
3528	19.3304608421
3529	75.7052117888
3530	5.61666666667
3531	2.34285714286
3532	14.5742174492
3533	9.84270215079
3534	34.3302937803
3535	21.9707542458
3536	12.0511904762
3537	0.833333333333
3538	14.1723415473
3539	12.0845238095
3540	3973.19565009
3541	0.417832167832
3542	43.247357272
3543	7.09317806377
3544	2.33333333333
3545	354.235138181
3546	22.7642857143
3547	19.0463675214
3548	4.3380952381
3549	13.0035714286
3550	3576.1016639
3551	5.56666666667
3552	0.619877344877
3553	62.0670783493
3554	21.1936196973
3555	37.3481601732
3556	3012.84623929
3557	10.9681125188
3558	75.179375996
3559	37.2246122818
3560	0.0
3561	10804.9441166
3562	0.685064935065
3563	12.7109785041
3564	17.7794372294
3565	0.0
3566	11.1666666667
3567	0.807947607948
3568	94.5325807907
3569	8.28740521741
3570	0.0
3571	5.51098901099
3572	0.0
3573	26.3270460981
3574	3.3273402741
3575	0.0
3576	53.3370773464
3577	6200.67803434
3578	7.25087330718
3579	0.558608058608
3580	2.84285714286
3581	0.154761904762
3582	0.0
3583	9.44084804085
3584	194.817418274
3585	1.9619047619
3586	106.849968024
3587	2.54538239538
3588	0.25
3589	0.0
3590	30.0563412177
3591	3.92027581408
3592	6083.89174122
3593	135.927522964
3594	0.154761904762
3595	0.898856698857
3596	417.748544365
3597	0.0
3598	1.11666666667
3599	25.5281687267
3600	5.25
3601	21.7461871462
3602	13.9856245062
3603	0.943528693529
3604	554.450811389
3605	48.846643963
3606	0.45
3607	1.875
3608	6.92682040463
3609	1034.62388851
3610	30.2968253968
3611	119.924670364
3612	48.6008047508
3613	0.685064935065
3614	4.1845959596
3615	24.0100232383
3616	7.81666666667
3617	97.5244056668
3618	3.47051867668
3619	0.666666666667
3620	5.54609310109
3621	14.1115440115
3622	3.52731990232
3623	5.98865208865
3624	11.2797619048
3625	53.1031615491
3626	9.6880952381
3627	3.81981682342
3628	42.8985320235
3629	58.629072653
3630	0.675923096511
3631	1.70877733378
3632	2.75
3633	10645.6865977
3634	6.67668524286
3635	15.3219075061
3636	8.14879271056
3637	1.33333333333
3638	5.16666666667
3639	0.0714285714286
3640	38.6781088447
3641	2.25
3642	22.908376358
3643	15.7743429945
3644	3.1
3645	23.8834165834
3646	3.21687242496
3647	0.6
3648	20.8992881087
3649	0.685064935065
3650	0.0
3651	3538.10235503
3652	2.95
3653	0.0
3654	2.25391932254
3655	1.07745310245
3656	5.76905716454
3657	1.13181818182
3658	4.28021863757
3659	8.14444444444
3660	3.75
3661	1.27142857143
3662	24.5357142857
3663	2.48266537384
3664	7.83333333333
3665	1.0
3666	0.0779610194903
3667	14.8400197156
3668	0.0769230769231
3669	0.0
3670	10.7155009547
3671	7.10833333333
3672	172.145765449
3673	1.5
3674	6473.83334992
3675	1.09523809524
3676	0.0
3677	9300.10210353
3678	2.33333333333
3679	12.5726190476
3680	185.155691629
3681	0.639444254576
3682	4.10952380952
3683	8.1703203458
3684	12919.9454647
3685	2.14570707071
3686	0.0
3687	10.597250188
3688	0.0
3689	0.0
3690	73.9616994117
3691	0.0
3692	2916.21578025
3693	30.807583411
3694	2.5
3695	0.685064935065
3696	2.1623015873
3697	9.37543545482
3698	8.86482683983
3699	0.0
3700	0.0
3701	5.65476190476
3702	35.499468061
3703	5.43160543651
3704	0.0
3705	205.954650247
3706	17.32245181
3707	13.1677836561
3708	0.315018315018
3709	0.0
3710	9.62993429132
3711	23.983515706
3712	0.509952955541
3713	6.65206395903
3714	22.9653412734
3715	0.45783146592
3716	0.0
3717	0.0
3718	12.2418618863
3719	35.4269174238
3720	7.61666666667
3721	3622.33987586
3722	54.3859624135
3723	1443.13130616
3724	2.03333333333
3725	5.17234154734
3726	7.96556956116
3727	2.06666666667
3728	16.0608898554
3729	0.0
3730	8.8944972943
3731	41.8326776245
3732	0.0
3733	0.0
3734	63.391446413
3735	0.837690587308
3736	3.68910656284
3737	62.1463716837
3738	60.3596841884
3739	1.80040792541
3740	17.6761024206
3741	1323.61591584
3742	0.666666666667
3743	5.17234154734
3744	0.0
3745	1.625
3746	0.0
3747	34.8056998557
3748	0.0
3749	0.2
3750	3781.17110056
3751	0.5
3752	11.9234713816
3753	11.1056101677
3754	2.6420995671
3755	0.515079365079
3756	15131.9888006
3757	2.08241758242
3758	142.005482785
3759	13.1752747253
3760	16.3260379816
3761	8.52655579714
3762	5.62746485248
3763	9.78773448773
3764	78.0660968117
3765	0.0
3766	0.1
3767	8.68452380952
3768	26.0631535132
3769	3.27043243696
3770	8.45952380952
3771	5.45833333333
3772	3.75396825397
3773	1.61983629397
3774	5.91575091575
3775	10.7833333333
3776	9.11522366522
3777	2.77890720391
3778	2.11062826063
3779	42.0354402907
3780	15.995061502
3781	0.142857142857
3782	66.8438644689
3783	0.181818181818
3784	9.21882885633
3785	7.78839229077
3786	15.3470607551
3787	0.583333333333
3788	0.468018909195
3789	4.03333333333
3790	52.4089354381
3791	29.0556998557
3792	8.00235536308
3793	161.553777548
3794	49.9112814229
3795	0.34478021978
3796	6.40049019608
3797	3975.88461771
3798	0.0
3799	18.0666666667
3800	73.317646943
3801	0.5
3802	7.79670518382
3803	38.7013638393
3804	55.8973610246
3805	1.65476190476
3806	0.92619047619
3807	0.0
3808	0.0
3809	16.7948412698
3810	53.3640681329
3811	0.0
3812	3.28333333333
3813	0.0
3814	0.884523809524
3815	0.589245568275
3816	0.5
3817	5.87516324255
3818	5.29948107448
3819	1.27064602065
3820	0.0
3821	60.6016955267
3822	23.9710229885
3823	21.5384670885
3824	68.1270074561
3825	83.7517787768
3826	34.8143220098
3827	1.68333333333
3828	19.7672025105
3829	110.171278558
3830	52465.5975802
3831	34.0913078994
3832	5.27925518926
3833	25.4598619703
3834	0.55202020202
3835	6.9976152215
3836	37.1990842491
3837	3.80860805861
3838	163.319643491
3839	0.866666666667
3840	0.642171717172
3841	25.9013780095
3842	69.8405011552
3843	1.86233766234
3844	0.0
3845	5.92386153524
3846	0.0
3847	19.4333333333
3848	0.2
3849	0.25
3850	9.96343713758
3851	9665.97015424
3852	14.6179476729
3853	0.0
3854	0.0
3855	11.4907734208
3856	0.0
3857	0.167832167832
3858	15.6996681153
3859	4.0
3860	19.0912435053
3861	7391.76013714
3862	7.20943721311
3863	2.9869047619
3864	0.0
3865	0.0909090909091
3866	11.7648018648
3867	14.0134474285
3868	3.62115107115
3869	70.8061220599
3870	33.5801745281
3871	0.0714285714286
3872	3541.05654197
3873	40.8420873331
3874	0.68658008658
3875	0.0
3876	0.0833333333333
3877	13424.3428039
3878	4.10747863248
3879	0.0
3880	8.45
3881	20.762012987
3882	0.861111111111
3883	0.685064935065
3884	25.1635972767
3885	0.0
3886	3423.84306553
3887	2.83333333333
3888	6.21904761905
3889	0.525593966801
3890	1.32777777778
3891	37.6232867873
3892	0.587745587746
3893	2.14444444444
3894	3.28452380952
3895	13.9439213564
3896	11.5156946926
3897	0.0
3898	5.18506493506
3899	0.0
3900	54.7572492078
3901	5.39285714286
3902	70.2930541202
3903	9.01350671173
3904	4.92424242424
3905	2.11071428571
3906	115.877509808
3907	26.2779251893
3908	3.25
3909	24.7081617299
3910	0.0
3911	0.0
3912	0.944155844156
3913	1.68188700017
3914	6.68611111111
3915	16.0604043016
3916	3.9
3917	1.95876623377
3918	168.366666667
3919	0.0714285714286
3920	1.62593795094
3921	24.8787515688
3922	0.0
3923	0.95
3924	47.3358813113
3925	0.2
3926	53.7969410807
3927	54.3881784882
3928	0.0625
3929	7.57508872557
3930	166.557964294
3931	42.2486772286
3932	0.566666666667
3933	25.3608585859
3934	1.91953781513
3935	0.0
3936	0.1
3937	8.95512583821
3938	310.434336972
3939	0.0
3940	2.64090909091
3941	6.33333333333
3942	0.0
3943	2376.51527985
3944	8.82824936501
3945	71.6527434983
3946	0.142857142857
3947	40.4239488696
3948	9393.44224243
3949	15.044047619
3950	30.2737484737
3951	28.9332973471
3952	0.166666666667
3953	0.25
3954	0.333333333333
3955	0.0
3956	38.8525080312
3957	7.74908424908
3958	5.42549019608
3959	0.0
3960	8.02745310245
3961	1041.98110764
3962	4380.10176101
3963	0.783333333333
3964	17.6555555556
3965	0.0
3966	80.1509762765
3967	13.8524531025
3968	77.9765323319
3969	9.62975737283
3970	1.91396011396
3971	86.9053102622
3972	3.11255868315
3973	0.355555555556
3974	0.0
3975	0.315018315018
3976	2.49182663741
3977	0.40231990232
3978	1.0
3979	8.62063492063
3980	202300.722619
3981	0.452380952381
3982	12.9261904762
3983	0.0
3984	0.0
3985	0.783333333333
3986	3.00952380952
3987	0.0
3988	2.05833333333
3989	3981.66666667
3990	0.0
3991	0.166666666667
3992	0.0
3993	0.525
3994	5.3380952381
3995	5.20952380952
3996	1.25
3997	2.52142857143
3998	18.0119047619
3999	1.0
4000	4.99166666667
4001	0.0
4002	3.91666666667
4003	0.0
4004	7.10833333333
4005	0.0
4006	0.0
4007	0.0
4008	0.0
4009	2.0119047619
4010	0.0
4011	0.166666666667
4012	0.0
4013	0.833333333333
4014	11.9416666667
4015	0.0
4016	0.0
4017	5.64285714286
4018	0.242857142857
4019	1.69285714286
4020	4.56666666667
4021	5.17619047619
4022	0.0
4023	36.494047619
4024	0.0
4025	0.0
4026	3.23452380952
4027	4.7
4028	0.0
4029	0.0
4030	37.0214285714
4031	13938.7
4032	0.0
4033	0.0
4034	0.0
4035	0.0
4036	0.0
4037	0.583333333333
4038	5.16666666667
