0	0.353342667133
1	0.261376140851
2	0.261257763975
3	0.261376140851
4	0.261257763975
5	0.26130848379
6	0.261190168176
7	0.274768644529
8	0.261223961703
9	0.26205464339
10	0.261257763975
11	0.261105722599
12	0.261105722599
13	0.261613216715
14	0.261342307941
15	0.261105722599
16	0.261240861745
17	0.26130848379
18	0.261105722599
19	0.261359223301
20	0.261342307941
21	0.275612586172
22	0.261274668392
23	0.261376140851
24	0.261359223301
25	0.2622588816
26	0.262241849591
27	0.261173274691
28	0.26130848379
29	0.26130848379
30	0.261376140851
31	0.261477692158
32	0.261190168176
33	0.261122607346
34	0.303312551641
35	0.261122607346
36	0.261274668392
37	0.261105722599
38	0.261240861745
39	0.261342307941
40	0.261833744002
41	0.261494625049
42	0.261122607346
43	0.261105722599
44	0.261190168176
45	0.261291574997
46	0.261173274691
47	0.261122607346
48	0.261460761461
49	0.261156383392
50	0.261274668392
51	0.261207063846
52	0.261122607346
53	0.261613216715
54	0.261223961703
55	0.261376140851
56	0.275857357563
57	0.261342307941
58	0.397401830528
59	0.261409982521
60	0.261223961703
61	0.261139494277
62	0.261528497409
63	0.261190168176
64	0.279040840301
65	0.261291574997
66	0.261342307941
67	0.275819672131
68	0.261240861745
69	0.261257763975
70	0.261122607346
71	0.261139494277
72	0.261494625049
73	0.261257763975
74	0.261105722599
75	0.261325394771
76	0.261139494277
77	0.261190168176
78	0.261240861745
79	0.261291574997
80	0.267914012739
81	0.261139494277
82	0.26166407465
83	0.261207063846
84	0.26130848379
85	0.261325394771
86	0.261190168176
87	0.274637829014
88	0.261426906642
89	0.261223961703
90	0.261122607346
91	0.261223961703
92	0.261443832956
93	0.261223961703
94	0.261460761461
95	0.261190168176
96	0.261240861745
97	0.261139494277
98	0.261918661218
99	0.26130848379
100	0.261240861745
101	0.261409982521
102	0.261190168176
103	0.274693877551
104	0.261630167163
105	0.261325394771
106	0.261223961703
107	0.459699453552
108	0.26130848379
109	0.261714952362
110	0.261173274691
111	0.261325394771
112	0.261139494277
113	0.261765849864
114	0.261105722599
115	0.261443832956
116	0.261376140851
117	0.261190168176
118	0.261697990927
119	0.280105438402
120	0.274469820555
121	0.261291574997
122	0.275574967583
123	0.26139306059
124	0.261156383392
125	0.274469820555
126	0.261207063846
127	0.261359223301
128	0.261562378546
129	0.261207063846
130	0.261359223301
131	0.261207063846
132	0.261359223301
133	0.26139306059
134	0.261409982521
135	0.261257763975
136	0.294186215941
137	0.261359223301
138	0.261122607346
139	0.261240861745
140	0.261274668392
141	0.261562378546
142	0.261816767166
143	0.261291574997
144	0.261342307941
145	0.261122607346
146	0.274581803346
147	0.261190168176
148	0.261426906642
149	0.261325394771
150	0.279117992673
151	0.261207063846
152	0.261173274691
153	0.261122607346
154	0.261122607346
155	0.261139494277
156	0.274619151251
157	0.261139494277
158	0.261511560132
159	0.261325394771
160	0.261122607346
161	0.261511560132
162	0.261223961703
163	0.267612167804
164	0.261139494277
165	0.261274668392
166	0.267718623616
167	0.261207063846
168	0.261274668392
169	0.275105600218
170	0.26186770428
171	0.370492705753
172	0.261782820097
173	0.289047959914
174	0.261156383392
175	0.261376140851
176	0.261325394771
177	0.261274668392
178	0.26130848379
179	0.261139494277
180	0.261426906642
181	0.261257763975
182	0.261139494277
183	0.261122607346
184	0.26139306059
185	0.261528497409
186	0.261833744002
187	0.261359223301
188	0.261901673369
189	0.279040840301
190	0.261156383392
191	0.261139494277
192	0.261173274691
193	0.261173274691
194	0.261409982521
195	0.261240861745
196	0.26130848379
197	0.261359223301
198	0.285492081448
199	0.261884687723
200	0.26205464339
201	0.261156383392
202	0.267576701345
203	0.26205464339
204	0.261460761461
205	0.261122607346
206	0.261156383392
207	0.261139494277
208	0.261207063846
209	0.261105722599
210	0.261105722599
211	0.261596268463
212	0.26139306059
213	0.275124344212
214	0.261376140851
215	0.261105722599
216	0.261122607346
217	0.279060124395
218	0.261240861745
219	0.261190168176
220	0.261156383392
221	0.261223961703
222	0.261274668392
223	0.261545436881
224	0.261562378546
225	0.261257763975
226	0.261325394771
227	0.261342307941
228	0.261139494277
229	0.261190168176
230	0.261240861745
231	0.261443832956
232	0.261511560132
233	0.261122607346
234	0.261122607346
235	0.261173274691
236	0.261714952362
237	0.261207063846
238	0.261477692158
239	0.262088660998
240	0.261139494277
241	0.261122607346
242	0.261494625049
243	0.261223961703
244	0.261122607346
245	0.261173274691
246	0.274656509318
247	0.261139494277
248	0.261443832956
249	0.261494625049
250	0.261173274691
251	0.261325394771
252	0.262190766833
253	0.261139494277
254	0.261376140851
255	0.261122607346
256	0.261122607346
257	0.26139306059
258	0.261342307941
259	0.261223961703
260	0.261223961703
261	0.261731915997
262	0.261156383392
263	0.261207063846
264	0.261173274691
265	0.261545436881
266	0.26139306059
267	0.261122607346
268	0.261274668392
269	0.291784088446
270	0.261156383392
271	0.262327031768
272	0.26185072304
273	0.261240861745
274	0.261325394771
275	0.261257763975
276	0.26139306059
277	0.262190766833
278	0.261257763975
279	0.261122607346
280	0.261816767166
281	0.261359223301
282	0.261122607346
283	0.261173274691
284	0.261359223301
285	0.275274388166
286	0.261122607346
287	0.261105722599
288	0.261156383392
289	0.261156383392
290	0.261325394771
291	0.261697990927
292	0.261105722599
293	0.261139494277
294	0.261139494277
295	0.261257763975
296	0.261207063846
297	0.261511560132
298	0.261274668392
299	0.261426906642
300	0.261207063846
301	0.261139494277
302	0.261426906642
303	0.261443832956
304	0.275424595867
305	0.261122607346
306	0.261240861745
307	0.261156383392
308	0.274843452219
309	0.261257763975
310	0.26130848379
311	0.261207063846
312	0.261528497409
313	0.261714952362
314	0.26130848379
315	0.275443383356
316	0.261122607346
317	0.261207063846
318	0.261274668392
319	0.261223961703
320	0.261443832956
321	0.261139494277
322	0.27574433215
323	0.261748881831
324	0.274880871341
325	0.261748881831
326	0.261409982521
327	0.261156383392
328	0.261240861745
329	0.261596268463
330	0.261359223301
331	0.261426906642
332	0.261816767166
333	0.261223961703
334	0.261562378546
335	0.261105722599
336	0.261139494277
337	0.261240861745
338	0.261207063846
339	0.274899584723
340	0.261190168176
341	0.261291574997
342	0.26166407465
343	0.26139306059
344	0.261240861745
345	0.261359223301
346	0.261545436881
347	0.261207063846
348	0.369915720044
349	0.270172621437
350	0.287340781328
351	0.276386036961
352	0.271919191919
353	0.363096843809
354	0.271097683787
355	0.271809369952
356	0.270082268745
357	0.286626916525
358	0.270046144586
359	0.271864269844
360	0.304341272234
361	0.271370967742
362	0.2706978615
363	0.327043006398
364	0.276461728057
365	0.270462156731
366	0.340989697686
367	0.274357929066
368	0.273207036536
369	0.286993603412
370	0.309686325638
371	0.270190699231
372	0.270824949698
373	0.31133384734
374	0.310591492962
375	0.272414490994
376	0.366557734205
377	0.270064205457
378	0.29348063086
379	0.270064205457
380	0.270716009654
381	0.270734160241
382	0.270407821603
383	0.270082268745
384	0.270100334448
385	0.273317991065
386	0.270082268745
387	0.30406626506
388	0.28888252969
389	0.3215480172
390	0.271079484425
391	0.310305079536
392	0.306699073371
393	0.276423877327
394	0.275274388166
395	0.310019193858
396	0.271882574737
397	0.291131939438
398	0.272985397512
399	0.276442801397
400	0.309543886547
401	0.270064205457
402	0.305862748068
403	0.271152296535
404	0.291510251227
405	0.287014002417
406	0.270100334448
407	0.286322059136
408	0.291741926161
409	0.273022312373
410	0.27122514777
411	0.270082268745
412	0.311574074074
413	0.271097683787
414	0.369543333028
415	0.28713645737
416	0.306048203729
417	0.307563409247
418	0.27122514777
419	0.309543886547
420	0.361019222173
421	0.286647263434
422	0.277316118398
423	0.308762807769
424	0.270824949698
425	0.28713645737
426	0.286769405582
427	0.295889206419
428	0.394837195659
429	0.270208779443
430	0.291447131
431	0.293544635068
432	0.291131939438
433	0.28597733711
434	0.290253018976
435	0.286464245176
436	0.293672727273
437	0.270208779443
438	0.293565976009
439	0.304754716981
440	0.271553463349
441	0.276442801397
442	0.286993603412
443	0.270064205457
444	0.290691814844
445	0.270788626609
446	0.273688491257
447	0.270046144586
448	0.270082268745
449	0.2865048957
450	0.271389206264
451	0.303586196527
452	0.287914438503
453	0.270118402569
454	0.270082268745
455	0.287996576564
456	0.305608113222
457	0.286667613233
458	0.271498688899
459	0.286464245176
460	0.306071401501
461	0.309377873123
462	0.271589991929
463	0.290273883977
464	0.276461728057
465	0.310998151571
466	0.270190699231
467	0.270100334448
468	0.270064205457
469	0.286891651865
470	0.270317311554
471	0.304524886878
472	0.284666901657
473	0.289857153112
474	0.27148043566
475	0.366192074
476	0.276404955849
477	0.286017849554
478	0.270425930887
479	0.290232156975
480	0.288140430998
481	0.272212484832
482	0.290420023015
483	0.369847957501
484	0.36316215487
485	0.285876106195
486	0.270806786936
487	0.273967026257
488	0.271900882095
489	0.271827667452
490	0.271170505675
491	0.271170505675
492	0.310472089805
493	0.27540581094
494	0.274619151251
495	0.270788626609
496	0.277411376752
497	0.310209725743
498	0.270407821603
499	0.270082268745
500	0.293886462882
501	0.276442801397
502	0.271170505675
503	0.290461804057
504	0.287422592355
505	0.270752313263
506	0.293416654556
507	0.291995082797
508	0.286871270247
509	0.270788626609
510	0.286626916525
511	0.288284429214
512	0.288696646886
513	0.311501967137
514	0.292884601436
515	0.29328878559
516	0.286667613233
517	0.341220212946
518	0.286647263434
519	0.271443936542
520	0.307985660895
521	0.271370967742
522	0.270226862076
523	0.288428571429
524	0.310352778418
525	0.30911735436
526	0.340845783743
527	0.289483117069
528	0.286403291014
529	0.270371610311
530	0.270100334448
531	0.287545396283
532	0.270208779443
533	0.270317311554
534	0.28597733711
535	0.273151593046
536	0.271882574737
537	0.289192866862
538	0.323195133664
539	0.271389206264
540	0.27122514777
541	0.286058373477
542	0.309638831378
543	0.286220584066
544	0.29309719097
545	0.288903198111
546	0.287852865697
547	0.271974136189
548	0.272102425876
549	0.293800931315
550	0.270046144586
551	0.270824949698
552	0.270100334448
553	0.310878435599
554	0.286626916525
555	0.272506411122
556	0.289877961235
557	0.273892694838
558	0.288717288717
559	0.31200741771
560	0.274115810196
561	0.311285846438
562	0.270118402569
563	0.393912788996
564	0.276461728057
565	0.271589991929
566	0.364967462039
567	0.328880925232
568	0.270244947129
569	0.286443924239
570	0.287811831789
571	0.270082268745
572	0.270100334448
573	0.270407821603
574	0.271170505675
575	0.270046144586
576	0.270082268745
577	0.270226862076
578	0.270263034603
579	0.27098852426
580	0.345039733402
581	0.269865668649
582	0.270208779443
583	0.270281124498
584	0.272469635628
585	0.269847634322
586	0.271462184874
587	0.272175788622
588	0.270082268745
589	0.27067971578
590	0.285411365564
591	0.308385520086
592	0.271024901
593	0.271589991929
594	0.288696646886
595	0.270172621437
596	0.32278177458
597	0.27067971578
598	0.270118402569
599	0.270244947129
600	0.270263034603
601	0.338616352201
602	0.269847634322
603	0.270154546063
604	0.308739200245
605	0.270154546063
606	0.340874556812
607	0.269847634322
608	0.269847634322
609	0.287504449982
610	0.286098908885
611	0.270118402569
612	0.270100334448
613	0.269847634322
614	0.29104800346
615	0.270263034603
616	0.270643431635
617	0.270734160241
618	0.27118871726
619	0.270752313263
620	0.272065759332
621	0.269955876454
622	0.270064205457
623	0.270136473107
624	0.269847634322
625	0.270208779443
626	0.270082268745
627	0.270263034603
628	0.270046144586
629	0.320323655402
630	0.272966943825
631	0.270480273294
632	0.270226862076
633	0.270100334448
634	0.287729799059
635	0.270498392283
636	0.270734160241
637	0.32564516129
638	0.269847634322
639	0.274134419552
640	0.270244947129
641	0.339927603334
642	0.269865668649
643	0.270263034603
644	0.271389206264
645	0.306141015921
646	0.286952814099
647	0.270172621437
648	0.269865668649
649	0.320323655402
650	0.270226862076
651	0.36228243316
652	0.271498688899
653	0.271498688899
654	0.271298038162
655	0.270861282533
656	0.271407447238
657	0.270407821603
658	0.270263034603
659	0.270263034603
660	0.269883705387
661	0.270263034603
662	0.270263034603
663	0.270915800067
664	0.270136473107
665	0.270154546063
666	0.271115885592
667	0.286606572503
668	0.269847634322
669	0.291089965398
670	0.270244947129
671	0.273262502538
672	0.269973925252
673	0.271498688899
674	0.269847634322
675	0.270244947129
676	0.287463515341
677	0.2706978615
678	0.273151593046
679	0.271443936542
680	0.271316266882
681	0.270244947129
682	0.2705165137
683	0.304616777308
684	0.270190699231
685	0.270589023655
686	0.216910184787
687	0.178561952773
688	0.178696287118
689	0.178309635256
690	0.178317509384
691	0.178293889085
692	0.178254535823
693	0.17837264776
694	0.178696287118
695	0.178585644155
696	0.178514588859
697	0.215543930821
698	0.27118871726
699	0.178262405086
700	0.178301761823
701	0.178435704817
702	0.178309635256
703	0.215440431094
704	0.178286017043
705	0.178807067263
706	0.178396288933
707	0.178325384208
708	0.215279628939
709	0.178396288933
710	0.178317509384
711	0.178412053197
712	0.178349012853
713	0.215762757147
714	0.178356890459
715	0.178333259727
716	0.178349012853
717	0.178278145695
718	0.178490916324
719	0.215682085247
720	0.178404170717
721	0.178293889085
722	0.178356890459
723	0.178349012853
724	0.178640948505
725	0.178309635256
726	0.178546162009
727	0.178467250066
728	0.178633045786
729	0.215096148724
730	0.178388407846
731	0.178475138122
732	0.178356890459
733	0.178309635256
734	0.178435704817
735	0.178380527455
736	0.178356890459
737	0.178380527455
738	0.178459362708
739	0.178490916324
740	0.178309635256
741	0.178388407846
742	0.178341135942
743	0.178270275043
744	0.178262405086
745	0.21560147365
746	0.178317509384
747	0.21560147365
748	0.178412053197
749	0.178262405086
750	0.178262405086
751	0.178349012853
752	0.178561952773
753	0.215096148724
754	0.178498806472
755	0.178412053197
756	0.178333259727
757	0.178278145695
758	0.178412053197
759	0.178333259727
760	0.178506697317
761	0.178317509384
762	0.178356890459
763	0.178427820247
764	0.178475138122
765	0.178451476047
766	0.178538267675
767	0.178309635256
768	0.178356890459
769	0.215119066645
770	0.178467250066
771	0.178364768762
772	0.215153452685
773	0.178546162009
774	0.215371486479
775	0.178262405086
776	0.215050327528
777	0.178396288933
778	0.178380527455
779	0.178396288933
780	0.178530374038
781	0.178680472587
782	0.178412053197
783	0.178396288933
784	0.178577746329
785	0.178270275043
786	0.178317509384
787	0.178483026874
788	0.178278145695
789	0.178349012853
790	0.178278145695
791	0.178301761823
792	0.178435704817
793	0.178412053197
794	0.178356890459
795	0.178388407846
796	0.178301761823
797	0.178475138122
798	0.21502742425
799	0.178341135942
800	0.215371486479
801	0.178254535823
802	0.178286017043
803	0.21517638282
804	0.215130527437
805	0.215705128205
806	0.178364768762
807	0.178490916324
808	0.178317509384
809	0.178396288933
810	0.215314066333
811	0.215050327528
812	0.178317509384
813	0.178325384208
814	0.178475138122
815	0.178648851922
816	0.178317509384
817	0.178443590084
818	0.178388407846
819	0.215371486479
820	0.178569849202
821	0.178317509384
822	0.178364768762
823	0.215589962627
824	0.178727924578
825	0.215015974441
826	0.178341135942
827	0.178625143767
828	0.21585502753
829	0.1785224811
830	0.215578452832
831	0.17837264776
832	0.178286017043
833	0.178364768762
834	0.178601441904
835	0.178419936373
836	0.178341135942
837	0.178356890459
838	0.178506697317
839	0.178364768762
840	0.215256676795
841	0.178262405086
842	0.178554057042
843	0.178364768762
844	0.17837264776
845	0.178435704817
846	0.178301761823
847	0.178467250066
848	0.178427820247
849	0.178569849202
850	0.178325384208
851	0.178286017043
852	0.178278145695
853	0.178609341826
854	0.178270275043
855	0.178278145695
856	0.215394463114
857	0.254202077432
858	0.213391111346
859	0.213357286273
860	0.314927468414
861	0.213571693024
862	0.281825795645
863	0.213582989527
864	0.213481363997
865	0.232349387191
866	0.213391111346
867	0.213424947146
868	0.232349387191
869	0.213763896241
870	0.213413667354
871	0.213481363997
872	0.213413667354
873	0.213402388754
874	0.213413667354
875	0.213346013631
876	0.213582989527
877	0.21337983513
878	0.213571693024
879	0.213402388754
880	0.2143653448
881	0.213413667354
882	0.213549103601
883	0.213346013631
884	0.21337983513
885	0.21343622813
886	0.213458793678
887	0.213402388754
888	0.213560397715
889	0.213605586119
890	0.213843139332
891	0.213346013631
892	0.213346013631
893	0.213470078241
894	0.21337983513
895	0.213402388754
896	0.319942952222
897	0.316556914393
898	0.315863579474
899	0.315001170138
900	0.315247091889
901	0.315764779481
902	0.316061365059
903	0.315764779481
904	0.315271705184
905	0.317228376149
906	0.317377976892
907	0.315247091889
908	0.333168316832
909	0.315222482436
910	0.315050323789
911	0.314952031823
912	0.315148677125
913	0.317103816554
914	0.315320943308
915	0.334465335873
916	0.336696406237
917	0.320298247006
918	0.314952031823
919	0.317353033637
920	0.315247091889
921	0.335549277048
922	0.315666041276
923	0.315863579474
924	0.316036628317
925	0.337258832373
926	0.315444105929
927	0.317253299811
928	0.315148677125
929	0.315666041276
930	0.336443926012
931	0.315937720053
932	0.316482482953
933	0.317253299811
934	0.316954474097
935	0.315099492782
936	0.318705603788
937	0.315099492782
938	0.315641366372
939	0.315345568137
940	0.315345568137
941	0.316259398496
942	0.318253467844
943	0.315222482436
944	0.31583887368
945	0.315025745046
946	0.319537865
947	0.317777602896
948	0.317977793527
949	0.315962441315
950	0.315173275055
951	0.333443435178
952	0.317004239284
953	0.318730760123
954	0.318002835092
955	0.315173275055
956	0.315173275055
957	0.317103816554
958	0.315518049695
959	0.316061365059
960	0.317477789134
961	0.315863579474
962	0.334742601343
963	0.316209866875
964	0.315567364802
965	0.315320943308
966	0.317777602896
967	0.318052930057
968	0.318002835092
969	0.315715402658
970	0.315296322324
971	0.315764779481
972	0.315444105929
973	0.316234630746
974	0.315197876825
975	0.316259398496
976	0.318052930057
977	0.315567364802
978	0.317502752005
979	0.315173275055
980	0.318103040807
981	0.316086105675
982	0.316606554806
983	0.316457680251
984	0.317677602077
985	0.315099492782
986	0.315197876825
987	0.315247091889
988	0.315937720053
989	0.315789473684
990	0.341884683769
991	0.316160350767
992	0.315690720038
993	0.319285205978
994	0.315592028136
995	0.316780418922
996	0.315641366372
997	0.317303158887
998	0.315148677125
999	0.316830129463
1000	0.315320943308
1001	0.318253467844
1002	0.315025745046
1003	0.317278227391
1004	0.317902692489
1005	0.315271705184
1006	0.318454258675
1007	0.315320943308
1008	0.315740089139
1009	0.316333725029
1010	0.316284170126
1011	0.316358508305
1012	0.318052930057
1013	0.337653649971
1014	0.319108582266
1015	0.31581417175
1016	0.315148677125
1017	0.318630158605
1018	0.318052930057
1019	0.316780418922
1020	0.318077983458
1021	0.316432881436
1022	0.315444105929
1023	0.315173275055
1024	0.317029127738
1025	0.321343307337
1026	0.316904724533
1027	0.315001170138
1028	0.334465335873
1029	0.337512537613
1030	0.315197876825
1031	0.315370196813
1032	0.318932153858
1033	0.315345568137
1034	0.315001170138
1035	0.315567364802
1036	0.316358508305
1037	0.316308945637
1038	0.315050323789
1039	0.315592028136
1040	0.316581732654
1041	0.316581732654
1042	0.315296322324
1043	0.315222482436
1044	0.315616695326
1045	0.315222482436
1046	0.315001170138
1047	0.316532100024
1048	0.317752596789
1049	0.317827626919
1050	0.315197876825
1051	0.316061365059
1052	0.316954474097
1053	0.315197876825
1054	0.316780418922
1055	0.315616695326
1056	0.316532100024
1057	0.315050323789
1058	0.315493397922
1059	0.319032946196
1060	0.316780418922
1061	0.315173275055
1062	0.31546875
1063	0.31546875
1064	0.315592028136
1065	0.314976599064
1066	0.318328734726
1067	0.317377976892
1068	0.316135598528
1069	0.315444105929
1070	0.336163836164
1071	0.315001170138
1072	0.315567364802
1073	0.315173275055
1074	0.336612204068
1075	0.318278552849
1076	0.318454258675
1077	0.335048124793
1078	0.320019020447
1079	0.317977793527
1080	0.319083366258
1081	0.315666041276
1082	0.316333725029
1083	0.317552689525
1084	0.315296322324
1085	0.357851825594
1086	0.32224084271
1087	0.315715402658
1088	0.334936960849
1089	0.315271705184
1090	0.315247091889
1091	0.315419465708
1092	0.316160350767
1093	0.315148677125
1094	0.315197876825
1095	0.318806252961
1096	0.314952031823
1097	0.31581417175
1098	0.336331834083
1099	0.318027880602
1100	0.316507289544
1101	0.317977793527
1102	0.317902692489
1103	0.315542705322
1104	0.319512581105
1105	0.315025745046
1106	0.315592028136
1107	0.318429145966
1108	0.317702596381
1109	0.334936960849
1110	0.317602642756
1111	0.315148677125
1112	0.316259398496
1113	0.318429145966
1114	0.335465647587
1115	0.31581417175
1116	0.315641366372
1117	0.317952755906
1118	0.315789473684
1119	0.314952031823
1120	0.316185106883
1121	0.315987166445
1122	0.319436753421
1123	0.316681044624
1124	0.31815316735
1125	0.317827626919
1126	0.33813431586
1127	0.315444105929
1128	0.319184254209
1129	0.316830129463
1130	0.316556914393
1131	0.315715402658
1132	0.318454258675
1133	0.315074906367
1134	0.315197876825
1135	0.316606554806
1136	0.356304597194
1137	0.315641366372
1138	0.315271705184
1139	0.315518049695
1140	0.316234630746
1141	0.315370196813
1142	0.317827626919
1143	0.31583887368
1144	0.315444105929
1145	0.314952031823
1146	0.318781084708
1147	0.315050323789
1148	0.318680451425
1149	0.317452830189
1150	0.315518049695
1151	0.315148677125
1152	0.315345568137
1153	0.318378932429
1154	0.315148677125
1155	0.319234722112
1156	0.317377976892
1157	0.315050323789
1158	0.318278552849
1159	0.316432881436
1160	0.318203309693
1161	0.315641366372
1162	0.315124083034
1163	0.317402924069
1164	0.315592028136
1165	0.35649333451
1166	0.318052930057
1167	0.315616695326
1168	0.315074906367
1169	0.316036628317
1170	0.31581417175
1171	0.362445022888
1172	0.317727594618
1173	0.338928991103
1174	0.315370196813
1175	0.318680451425
1176	0.314976599064
1177	0.315296322324
1178	0.335242839352
1179	0.336808741346
1180	0.316036628317
1181	0.317128720647
1182	0.335048124793
1183	0.316234630746
1184	0.31885660139
1185	0.318806252961
1186	0.315345568137
1187	0.33510373444
1188	0.315715402658
1189	0.316904724533
1190	0.315888289134
1191	0.318178236546
1192	0.319209486166
1193	0.3358004158
1194	0.315025745046
1195	0.316135598528
1196	0.333333333333
1197	0.333030927835
1198	0.316979354737
1199	0.32034906783
1200	0.315025745046
1201	0.316358508305
1202	0.315148677125
1203	0.315124083034
1204	0.319462025316
1205	0.317452830189
1206	0.314952031823
1207	0.316705882353
1208	0.315001170138
1209	0.317328094303
1210	0.33515936255
1211	0.319234722112
1212	0.315567364802
1213	0.315419465708
1214	0.317752596789
1215	0.316408086507
1216	0.31581417175
1217	0.335493519442
1218	0.315197876825
1219	0.316259398496
1220	0.315148677125
1221	0.316681044624
1222	0.318454258675
1223	0.317203456402
1224	0.314976599064
1225	0.315666041276
1226	0.334881406535
1227	0.317004239284
1228	0.315493397922
1229	0.316507289544
1230	0.318027880602
1231	0.316979354737
1232	0.315641366372
1233	0.315394829337
1234	0.315296322324
1235	0.318203309693
1236	0.315987166445
1237	0.336921151439
1238	0.319816252178
1239	0.315148677125
1240	0.315444105929
1241	0.315419465708
1242	0.317752596789
1243	0.317702596381
1244	0.315222482436
1245	0.317627625265
1246	0.315789473684
1247	0.315518049695
1248	0.315124083034
1249	0.315296322324
1250	0.31885660139
1251	0.315222482436
1252	0.315001170138
1253	0.315001170138
1254	0.315074906367
1255	0.318479375345
1256	0.318278552849
1257	0.316284170126
1258	0.315962441315
1259	0.316556914393
1260	0.315863579474
1261	0.318328734726
1262	0.314976599064
1263	0.315074906367
1264	0.315050323789
1265	0.316209866875
1266	0.315592028136
1267	0.317902692489
1268	0.316681044624
1269	0.318052930057
1270	0.314976599064
1271	0.317303158887
1272	0.317477789134
1273	0.318278552849
1274	0.335521395929
1275	0.316805272242
1276	0.314976599064
1277	0.31989226016
1278	0.316333725029
1279	0.316011895445
1280	0.316805272242
1281	0.317652611705
1282	0.318328734726
1283	0.316333725029
1284	0.318128102104
1285	0.316284170126
1286	0.315493397922
1287	0.316556914393
1288	0.317203456402
1289	0.336359850062
1290	0.317602642756
1291	0.317727594618
1292	0.316284170126
1293	0.316110850164
1294	0.317253299811
1295	0.315050323789
1296	0.316011895445
1297	0.315394829337
1298	0.316681044624
1299	0.315690720038
1300	0.336331834083
1301	0.315074906367
1302	0.317577664176
1303	0.317827626919
1304	0.315863579474
1305	0.317752596789
1306	0.315567364802
1307	0.335409917767
1308	0.315419465708
1309	0.317702596381
1310	0.315592028136
1311	0.316556914393
1312	0.335354206461
1313	0.336528044004
1314	0.316036628317
1315	0.316011895445
1316	0.315715402658
1317	0.336163836164
1318	0.31815316735
1319	0.315592028136
1320	0.337202505219
1321	0.315542705322
1322	0.317577664176
1323	0.316830129463
1324	0.317777602896
1325	0.315370196813
1326	0.314976599064
1327	0.334243853986
1328	0.33510373444
1329	0.319310453898
1330	0.317952755906
1331	0.318554749132
1332	0.318881781568
1333	0.315740089139
1334	0.336443926012
1335	0.318103040807
1336	0.316284170126
1337	0.31581417175
1338	0.335242839352
1339	0.317402924069
1340	0.316482482953
1341	0.317977793527
1342	0.315173275055
1343	0.318454258675
1344	0.317702596381
1345	0.317752596789
1346	0.315050323789
1347	0.316755569501
1348	0.316308945637
1349	0.318529620573
1350	0.315740089139
1351	0.316581732654
1352	0.3391567277
1353	0.315001170138
1354	0.315050323789
1355	0.31583887368
1356	0.315419465708
1357	0.318932153858
1358	0.337766624843
1359	0.317004239284
1360	0.3358004158
1361	0.338304289544
1362	0.315001170138
1363	0.315444105929
1364	0.315222482436
1365	0.315962441315
1366	0.316556914393
1367	0.319588444796
1368	0.315173275055
1369	0.335437780362
1370	0.317702596381
1371	0.316482482953
1372	0.315099492782
1373	0.318454258675
1374	0.336752564423
1375	0.316755569501
1376	0.338219281347
1377	0.320196653715
1378	0.315715402658
1379	0.316185106883
1380	0.317029127738
1381	0.315592028136
1382	0.317652611705
1383	0.315025745046
1384	0.315962441315
1385	0.315764779481
1386	0.314952031823
1387	0.315666041276
1388	0.317004239284
1389	0.316061365059
1390	0.319740280307
1391	0.319285205978
1392	0.317552689525
1393	0.316755569501
1394	0.314976599064
1395	0.314976599064
1396	0.317977793527
1397	0.317577664176
1398	0.316011895445
1399	0.319360961721
1400	0.317877666693
1401	0.315222482436
1402	0.316755569501
1403	0.315148677125
1404	0.316160350767
1405	0.342493638677
1406	0.317402924069
1407	0.316358508305
1408	0.335409917767
1409	0.317552689525
1410	0.335131546186
1411	0.315370196813
1412	0.315888289134
1413	0.316408086507
1414	0.315124083034
1415	0.316135598528
1416	0.318203309693
1417	0.315050323789
1418	0.315444105929
1419	0.341740013541
1420	0.338701560141
1421	0.335215009132
1422	0.316358508305
1423	0.317004239284
1424	0.315394829337
1425	0.335940099834
1426	0.316507289544
1427	0.319537865
1428	0.316755569501
1429	0.317727594618
1430	0.314976599064
1431	0.320425329313
1432	0.316284170126
1433	0.315493397922
1434	0.315641366372
1435	0.31885660139
1436	0.316408086507
1437	0.316457680251
1438	0.315764779481
1439	0.315444105929
1440	0.33355360978
1441	0.315666041276
1442	0.315050323789
1443	0.315148677125
1444	0.31665621079
1445	0.315764779481
1446	0.335382059801
1447	0.318454258675
1448	0.316805272242
1449	0.317153628652
1450	0.341711094186
1451	0.315690720038
1452	0.315764779481
1453	0.315616695326
1454	0.317927722227
1455	0.316755569501
1456	0.318203309693
1457	0.316457680251
1458	0.333526059305
1459	0.317677602077
1460	0.316681044624
1461	0.315863579474
1462	0.317004239284
1463	0.315173275055
1464	0.317427875167
1465	0.354614911741
1466	0.314952031823
1467	0.318479375345
1468	0.315690720038
1469	0.316805272242
1470	0.316681044624
1471	0.31913380226
1472	0.317627625265
1473	0.318630158605
1474	0.315025745046
1475	0.318755920429
1476	0.315394829337
1477	0.315962441315
1478	0.315345568137
1479	0.317577664176
1480	0.317752596789
1481	0.315345568137
1482	0.316135598528
1483	0.334936960849
1484	0.31546875
1485	0.334437634587
1486	0.315370196813
1487	0.319866920152
1488	0.318278552849
1489	0.31546875
1490	0.317128720647
1491	0.318027880602
1492	0.316954474097
1493	0.315567364802
1494	0.335270674195
1495	0.31830364181
1496	0.316581732654
1497	0.315641366372
1498	0.315074906367
1499	0.315222482436
1500	0.315641366372
1501	0.315370196813
1502	0.31665621079
1503	0.315616695326
1504	0.316358508305
1505	0.342755283932
1506	0.316904724533
1507	0.316308945637
1508	0.317452830189
1509	0.336780650542
1510	0.315025745046
1511	0.33566084788
1512	0.335828343313
1513	0.334576186925
1514	0.318932153858
1515	0.318680451425
1516	0.318881781568
1517	0.31581417175
1518	0.334936960849
1519	0.316606554806
1520	0.317827626919
1521	0.315074906367
1522	0.336949265688
1523	0.334520752216
1524	0.315937720053
1525	0.316333725029
1526	0.316358508305
1527	0.315567364802
1528	0.317802612939
1529	0.317627625265
1530	0.317527718802
1531	0.31546875
1532	0.315888289134
1533	0.315962441315
1534	0.36460496614
1535	0.316507289544
1536	0.337794880375
1537	0.335075927309
1538	0.316705882353
1539	0.316879855607
1540	0.33510373444
1541	0.315740089139
1542	0.316284170126
1543	0.318203309693
1544	0.315764779481
1545	0.336949265688
1546	0.315001170138
1547	0.317952755906
1548	0.316333725029
1549	0.336275816123
1550	0.315863579474
1551	0.319184254209
1552	0.316011895445
1553	0.335577162802
1554	0.318906965724
1555	0.335940099834
1556	0.315542705322
1557	0.319209486166
1558	0.314976599064
1559	0.319563152896
1560	0.314952031823
1561	0.316284170126
1562	0.315173275055
1563	0.317702596381
1564	0.315666041276
1565	0.318328734726
1566	0.315419465708
1567	0.335465647587
1568	0.315641366372
1569	0.316110850164
1570	0.318002835092
1571	0.316408086507
1572	0.315987166445
1573	0.317727594618
1574	0.337512537613
1575	0.315419465708
1576	0.316979354737
1577	0.35718708536
1578	0.316383295463
1579	0.315050323789
1580	0.316979354737
1581	0.314952031823
1582	0.317652611705
1583	0.317328094303
1584	0.321292170592
1585	0.315764779481
1586	0.315001170138
1587	0.316234630746
1588	0.335187183531
1589	0.320044384561
1590	0.335577162802
1591	0.317278227391
1592	0.315542705322
1593	0.336275816123
1594	0.31546875
1595	0.317752596789
1596	0.316830129463
1597	0.317702596381
1598	0.319411485524
1599	0.315197876825
1600	0.318353831599
1601	0.315715402658
1602	0.315222482436
1603	0.318529620573
1604	0.319714964371
1605	0.317153628652
1606	0.318027880602
1607	0.315050323789
1608	0.317827626919
1609	0.317727594618
1610	0.319386221625
1611	0.318429145966
1612	0.320145881234
1613	0.319462025316
1614	0.317153628652
1615	0.315518049695
1616	0.319689652442
1617	0.335856275472
1618	0.334964744919
1619	0.317752596789
1620	0.319664344522
1621	0.337879675341
1622	0.319816252178
1623	0.317402924069
1624	0.315789473684
1625	0.317303158887
1626	0.333636288524
1627	0.315001170138
1628	0.317527718802
1629	0.31546875
1630	0.318579881657
1631	0.317078916372
1632	0.316879855607
1633	0.315493397922
1634	0.315863579474
1635	0.315764779481
1636	0.316830129463
1637	0.317852644836
1638	0.317477789134
1639	0.317328094303
1640	0.315124083034
1641	0.315271705184
1642	0.341855739925
1643	0.317402924069
1644	0.317153628652
1645	0.319714964371
1646	0.315370196813
1647	0.316730723978
1648	0.315542705322
1649	0.315789473684
1650	0.315863579474
1651	0.315025745046
1652	0.316929597363
1653	0.316755569501
1654	0.316805272242
1655	0.316308945637
1656	0.342029476537
1657	0.315050323789
1658	0.316333725029
1659	0.316954474097
1660	0.317228376149
1661	0.318630158605
1662	0.318554749132
1663	0.339185216296
1664	0.315074906367
1665	0.318077983458
1666	0.364703757225
1667	0.315592028136
1668	0.317952755906
1669	0.318328734726
1670	0.315542705322
1671	0.31717854057
1672	0.315542705322
1673	0.319259962049
1674	0.317353033637
1675	0.317827626919
1676	0.315320943308
1677	0.318378932429
1678	0.315937720053
1679	0.318103040807
1680	0.318479375345
1681	0.316011895445
1682	0.317577664176
1683	0.317977793527
1684	0.393605614582
1685	0.317228376149
1686	0.315789473684
1687	0.357250287534
1688	0.336893041882
1689	0.318002835092
1690	0.314976599064
1691	0.316408086507
1692	0.336808741346
1693	0.315001170138
1694	0.318328734726
1695	0.317777602896
1696	0.315222482436
1697	0.332838773492
1698	0.315394829337
1699	0.316904724533
1700	0.315345568137
1701	0.315962441315
1702	0.335382059801
1703	0.31665621079
1704	0.315542705322
1705	0.335298513659
1706	0.317677602077
1707	0.319537865
1708	0.315173275055
1709	0.317103816554
1710	0.31581417175
1711	0.315050323789
1712	0.317527718802
1713	0.315025745046
1714	0.319588444796
1715	0.316532100024
1716	0.316979354737
1717	0.318378932429
1718	0.356650768415
1719	0.335075927309
1720	0.318278552849
1721	0.317777602896
1722	0.316308945637
1723	0.316135598528
1724	0.316904724533
1725	0.316185106883
1726	0.341653270158
1727	0.316185106883
1728	0.315715402658
1729	0.318630158605
1730	0.32111332008
1731	0.315124083034
1732	0.317827626919
1733	0.315863579474
1734	0.316135598528
1735	0.317627625265
1736	0.318806252961
1737	0.316879855607
1738	0.316036628317
1739	0.315271705184
1740	0.335605053191
1741	0.317502752005
1742	0.318605018147
1743	0.316209866875
1744	0.318178236546
1745	0.334133223004
1746	0.319968304279
1747	0.31546875
1748	0.315247091889
1749	0.315247091889
1750	0.318052930057
1751	0.317877666693
1752	0.317777602896
1753	0.316954474097
1754	0.316854990584
1755	0.314976599064
1756	0.315320943308
1757	0.318178236546
1758	0.341826800982
1759	0.315074906367
1760	0.315001170138
1761	0.317927722227
1762	0.315025745046
1763	0.317977793527
1764	0.315542705322
1765	0.317029127738
1766	0.317802612939
1767	0.319285205978
1768	0.320679796696
1769	0.333305819232
1770	0.316556914393
1771	0.315419465708
1772	0.316432881436
1773	0.317203456402
1774	0.31591300266
1775	0.315124083034
1776	0.315050323789
1777	0.335549277048
1778	0.33566084788
1779	0.315937720053
1780	0.333333333333
1781	0.315567364802
1782	0.334465335873
1783	0.319664344522
1784	0.315345568137
1785	0.315666041276
1786	0.319058154235
1787	0.316036628317
1788	0.315173275055
1789	0.317477789134
1790	0.31815316735
1791	0.318705603788
1792	0.315493397922
1793	0.318529620573
1794	0.318052930057
1795	0.317128720647
1796	0.316681044624
1797	0.315050323789
1798	0.315764779481
1799	0.318705603788
1800	0.321599235425
1801	0.317427875167
1802	0.315222482436
1803	0.335242839352
1804	0.31979092421
1805	0.31546875
1806	0.335716661124
1807	0.316185106883
1808	0.334160873883
1809	0.317727594618
1810	0.317452830189
1811	0.316482482953
1812	0.317727594618
1813	0.319917604183
1814	0.315173275055
1815	0.315518049695
1816	0.318178236546
1817	0.333030927835
1818	0.315666041276
1819	0.317103816554
1820	0.31830364181
1821	0.315592028136
1822	0.315567364802
1823	0.318077983458
1824	0.318077983458
1825	0.335744574707
1826	0.317452830189
1827	0.319942952222
1828	0.318353831599
1829	0.315320943308
1830	0.31591300266
1831	0.315962441315
1832	0.316061365059
1833	0.319689652442
1834	0.314952031823
1835	0.338417700302
1836	0.333305819232
1837	0.316036628317
1838	0.315074906367
1839	0.319032946196
1840	0.315173275055
1841	0.316135598528
1842	0.317877666693
1843	0.316061365059
1844	0.319639040608
1845	0.317427875167
1846	0.334188529339
1847	0.335270674195
1848	0.317527718802
1849	0.317877666693
1850	0.317377976892
1851	0.316432881436
1852	0.33349851338
1853	0.316135598528
1854	0.314976599064
1855	0.316185106883
1856	0.315025745046
1857	0.316730723978
1858	0.315937720053
1859	0.316482482953
1860	0.31581417175
1861	0.317902692489
1862	0.316259398496
1863	0.333967413779
1864	0.318103040807
1865	0.315124083034
1866	0.335409917767
1867	0.317977793527
1868	0.317927722227
1869	0.315296322324
1870	0.317777602896
1871	0.318831425188
1872	0.316581732654
1873	0.315937720053
1874	0.315247091889
1875	0.317328094303
1876	0.316780418922
1877	0.316507289544
1878	0.318128102104
1879	0.31865530303
1880	0.315715402658
1881	0.318203309693
1882	0.319487301211
1883	0.33355360978
1884	0.315715402658
1885	0.316705882353
1886	0.317527718802
1887	0.315197876825
1888	0.321292170592
1889	0.315296322324
1890	0.315074906367
1891	0.316681044624
1892	0.315222482436
1893	0.318730760123
1894	0.318203309693
1895	0.31583887368
1896	0.315148677125
1897	0.318906965724
1898	0.317427875167
1899	0.318605018147
1900	0.315567364802
1901	0.31583887368
1902	0.31815316735
1903	0.31591300266
1904	0.315666041276
1905	0.315197876825
1906	0.31546875
1907	0.317377976892
1908	0.315567364802
1909	0.3339121806
1910	0.315690720038
1911	0.333856965688
1912	0.350947331827
1913	0.277946035242
1914	0.26056656127
1915	0.259962660143
1916	0.279911271316
1917	0.26299335678
1918	0.262497562244
1919	0.260701142746
1920	0.280904347826
1921	0.260448916409
1922	0.260029621998
1923	0.260717975207
1924	0.259879006307
1925	0.261884687723
1926	0.287218152073
1927	0.260701142746
1928	0.260163649249
1929	0.262327031768
1930	0.259996136759
1931	0.260432118671
1932	0.287034404322
1933	0.259962660143
1934	0.259979397373
1935	0.260617013037
1936	0.260146888288
1937	0.259845559846
1938	0.262976229241
1939	0.267010513787
1940	0.280183180683
1941	0.2820620285
1942	0.260432118671
1943	0.263027618551
1944	0.260264260393
1945	0.288222698073
1946	0.26301048655
1947	0.28070907195
1948	0.280611535789
1949	0.25991246138
1950	0.259979397373
1951	0.266745937376
1952	0.260063115863
1953	0.26185072304
1954	0.280183180683
1955	0.286362669314
1956	0.25991246138
1957	0.260432118671
1958	0.260348162476
1959	0.280047159997
1960	0.260499322624
1961	0.259895732767
1962	0.262941980856
1963	0.261223961703
1964	0.26139306059
1965	0.260113372842
1966	0.26268540203
1967	0.298956096839
1968	0.260364949384
1969	0.259845559846
1970	0.260987590486
1971	0.262753774076
1972	0.266851704996
1973	0.26676355949
1974	0.259895732767
1975	0.260381738458
1976	0.266306139946
1977	0.259929192147
1978	0.260029621998
1979	0.262753774076
1980	0.260734809841
1981	0.260701142746
1982	0.260096618357
1983	0.263147605083
1984	0.262787973448
1985	0.263577023499
1986	0.262361120135
1987	0.260381738458
1988	0.260180412371
1989	0.261240861745
1990	0.260113372842
1991	0.266481884775
1992	0.260029621998
1993	0.263216217978
1994	0.278809638887
1995	0.26672831759
1996	0.259845559846
1997	0.26205464339
1998	0.266569844204
1999	0.260348162476
2000	0.260331377732
2001	0.266675472197
2002	0.279214493154
2003	0.278732656865
2004	0.266499472017
2005	0.262395217363
2006	0.260650658404
2007	0.2887379335
2008	0.259895732767
2009	0.266411559016
2010	0.280008321198
2011	0.260448916409
2012	0.260029621998
2013	0.259929192147
2014	0.259945925068
2015	0.259862282
2016	0.260079866031
2017	0.259895732767
2018	0.266587443058
2019	0.260096618357
2020	0.262446379826
2021	0.260297814736
2022	0.260617013037
2023	0.260197177653
2024	0.266552247673
2025	0.260281036483
2026	0.279427029271
2027	0.266393983375
2028	0.2805725403
2029	0.260348162476
2030	0.262941980856
2031	0.278828891037
2032	0.288243272182
2033	0.262702491705
2034	0.25991246138
2035	0.260281036483
2036	0.260130129485
2037	0.262702491705
2038	0.287606837607
2039	0.286525225289
2040	0.262344074844
2041	0.25991246138
2042	0.28719772404
2043	0.262719583604
2044	0.260197177653
2045	0.262753774076
2046	0.26185072304
2047	0.281707827543
2048	0.260063115863
2049	0.260398529696
2050	0.260163649249
2051	0.259929192147
2052	0.280436141399
2053	0.279950083195
2054	0.288572857858
2055	0.261004459957
2056	0.261714952362
2057	0.260482518385
2058	0.261055081458
2059	0.263044752785
2060	0.261562378546
2061	0.260583376355
2062	0.279040840301
2063	0.262156722716
2064	0.262924860008
2065	0.277678448632
2066	0.259929192147
2067	0.260331377732
2068	0.288119871566
2069	0.262617065557
2070	0.259996136759
2071	0.287606837607
2072	0.287729799059
2073	0.26307902795
2074	0.262514627487
2075	0.260583376355
2076	0.260063115863
2077	0.261901673369
2078	0.263233376793
2079	0.259795406292
2080	0.259929192147
2081	0.288758581236
2082	0.260079866031
2083	0.2622588816
2084	0.262156722716
2085	0.260281036483
2086	0.26207165109
2087	0.28155069028
2088	0.263130457448
2089	0.260163649249
2090	0.262976229241
2091	0.260348162476
2092	0.260499322624
2093	0.262770872649
2094	0.259895732767
2095	0.262378167641
2096	0.260130129485
2097	0.260415323101
2098	0.261748881831
2099	0.260046367852
2100	0.259879006307
2101	0.278944459796
2102	0.287934968625
2103	0.262890625
2104	0.262839289201
2105	0.259962660143
2106	0.259845559846
2107	0.260398529696
2108	0.262548764629
2109	0.26205464339
2110	0.260499322624
2111	0.289006584598
2112	0.26248049922
2113	0.259945925068
2114	0.260029621998
2115	0.26207165109
2116	0.26676355949
2117	0.288140430998
2118	0.262959103933
2119	0.260029621998
2120	0.260163649249
2121	0.262446379826
2122	0.262241849591
2123	0.263216217978
2124	0.262634146341
2125	0.280865270919
2126	0.26068431246
2127	0.287381681019
2128	0.286281460475
2129	0.260415323101
2130	0.259962660143
2131	0.263130457448
2132	0.280338794779
2133	0.288346186804
2134	0.279369032794
2135	0.286200297682
2136	0.26102133161
2137	0.278521175335
2138	0.287218152073
2139	0.262787973448
2140	0.262668314578
2141	0.260180412371
2142	0.263525419304
2143	0.287177298912
2144	0.279891869412
2145	0.260499322624
2146	0.260180412371
2147	0.260465716313
2148	0.28026096613
2149	0.281002087683
2150	0.263027618551
2151	0.280047159997
2152	0.260079866031
2153	0.288078761504
2154	0.26248049922
2155	0.278598040569
2156	0.2602307147
2157	0.266306139946
2158	0.259945925068
2159	0.260583376355
2160	0.260180412371
2161	0.261156383392
2162	0.260029621998
2163	0.278175806007
2164	0.261325394771
2165	0.261935651271
2166	0.259929192147
2167	0.259862282
2168	0.259828839843
2169	0.280631037598
2170	0.260079866031
2171	0.266781183932
2172	0.263044752785
2173	0.260281036483
2174	0.287545396283
2175	0.25991246138
2176	0.280650542118
2177	0.259962660143
2178	0.259828839843
2179	0.261359223301
2180	0.287565873807
2181	0.260063115863
2182	0.25991246138
2183	0.28713645737
2184	0.262924860008
2185	0.278137484502
2186	0.260079866031
2187	0.288263849229
2188	0.263061889251
2189	0.287402135231
2190	0.262617065557
2191	0.279427029271
2192	0.260465716313
2193	0.2600128783
2194	0.279833679834
2195	0.259795406292
2196	0.280650542118
2197	0.260146888288
2198	0.279581804334
2199	0.288820542164
2200	0.262702491705
2201	0.26299335678
2202	0.260600193611
2203	0.287279453614
2204	0.259845559846
2205	0.2600128783
2206	0.263336376679
2207	0.260146888288
2208	0.260146888288
2209	0.260381738458
2210	0.261426906642
2211	0.26068431246
2212	0.262139703973
2213	0.261511560132
2214	0.2602307147
2215	0.278694181793
2216	0.262020634612
2217	0.259996136759
2218	0.263250537845
2219	0.259862282
2220	0.26307902795
2221	0.260465716313
2222	0.260549748355
2223	0.287606837607
2224	0.287729799059
2225	0.26635883905
2226	0.260633834635
2227	0.259895732767
2228	0.260314595152
2229	0.263284866662
2230	0.259862282
2231	0.260381738458
2232	0.260970723195
2233	0.263542618457
2234	0.260264260393
2235	0.260953858085
2236	0.260398529696
2237	0.26186770428
2238	0.259996136759
2239	0.279369032794
2240	0.263181907059
2241	0.280689559294
2242	0.260448916409
2243	0.260768485631
2244	0.263164754953
2245	0.259895732767
2246	0.280222068008
2247	0.287729799059
2248	0.260079866031
2249	0.260096618357
2250	0.287463515341
2251	0.259929192147
2252	0.259945925068
2253	0.262429323455
2254	0.286322059136
2255	0.259945925068
2256	0.259895732767
2257	0.262395217363
2258	0.260600193611
2259	0.260701142746
2260	0.260113372842
2261	0.261952643529
2262	0.2600128783
2263	0.259895732767
2264	0.286769405582
2265	0.259962660143
2266	0.281707827543
2267	0.28693242379
2268	0.287893911308
2269	0.259795406292
2270	0.260029621998
2271	0.262822181724
2272	0.260264260393
2273	0.279330381848
2274	0.260364949384
2275	0.262907741389
2276	0.262378167641
2277	0.260046367852
2278	0.262719583604
2279	0.287034404322
2280	0.260768485631
2281	0.259929192147
2282	0.281511433352
2283	0.288531618435
2284	0.266605044236
2285	0.278790389395
2286	0.260180412371
2287	0.260920134402
2288	0.260130129485
2289	0.288511003144
2290	0.262890625
2291	0.260063115863
2292	0.288140430998
2293	0.278771142561
2294	0.280748105402
2295	0.27802258331
2296	0.260348162476
2297	0.260415323101
2298	0.277907777013
2299	0.262395217363
2300	0.261833744002
2301	0.259945925068
2302	0.286912036379
2303	0.260264260393
2304	0.260886419434
2305	0.260046367852
2306	0.261681031689
2307	0.262156722716
2308	0.262412269301
2309	0.263147605083
2310	0.260163649249
2311	0.260633834635
2312	0.260046367852
2313	0.261207063846
2314	0.260096618357
2315	0.279137287433
2316	0.259945925068
2317	0.260381738458
2318	0.260398529696
2319	0.287729799059
2320	0.260046367852
2321	0.259895732767
2322	0.260549748355
2323	0.262873510839
2324	0.263113312048
2325	0.279330381848
2326	0.262822181724
2327	0.286952814099
2328	0.281747139269
2329	0.26186770428
2330	0.278732656865
2331	0.26299335678
2332	0.279717373234
2333	0.281629236993
2334	0.262122687439
2335	0.260348162476
2336	0.288305012138
2337	0.266235906903
2338	0.279833679834
2339	0.262856398906
2340	0.263130457448
2341	0.260213945096
2342	0.260247486466
2343	0.279911271316
2344	0.280728587319
2345	0.260650658404
2346	0.260381738458
2347	0.283408197642
2348	0.262327031768
2349	0.260079866031
2350	0.260247486466
2351	0.279853073671
2352	0.262617065557
2353	0.261223961703
2354	0.262770872649
2355	0.278156643935
2356	0.26268540203
2357	0.259996136759
2358	0.259879006307
2359	0.2622588816
2360	0.259979397373
2361	0.260532937609
2362	0.260197177653
2363	0.262599986994
2364	0.26676355949
2365	0.260701142746
2366	0.260381738458
2367	0.260617013037
2368	0.280047159997
2369	0.263113312048
2370	0.262446379826
2371	0.260381738458
2372	0.279756131357
2373	0.259979397373
2374	0.262617065557
2375	0.259879006307
2376	0.262805076473
2377	0.279388362278
2378	0.266499472017
2379	0.260381738458
2380	0.259828839843
2381	0.262753774076
2382	0.259812121992
2383	0.260180412371
2384	0.288243272182
2385	0.278828891037
2386	0.262122687439
2387	0.260617013037
2388	0.259879006307
2389	0.278118327709
2390	0.260600193611
2391	0.260987590486
2392	0.261325394771
2393	0.260314595152
2394	0.280222068008
2395	0.262805076473
2396	0.260936995153
2397	0.260364949384
2398	0.286606572503
2399	0.279465706969
2400	0.260096618357
2401	0.260130129485
2402	0.260029621998
2403	0.260063115863
2404	0.262651229348
2405	0.260113372842
2406	0.260381738458
2407	0.261274668392
2408	0.262361120135
2409	0.262787973448
2410	0.263284866662
2411	0.260314595152
2412	0.260297814736
2413	0.277907777013
2414	0.262873510839
2415	0.260465716313
2416	0.260398529696
2417	0.285673859215
2418	0.261748881831
2419	0.280494581828
2420	0.279291741596
2421	0.25991246138
2422	0.259862282
2423	0.26256583653
2424	0.259962660143
2425	0.260381738458
2426	0.260079866031
2427	0.260197177653
2428	0.26301048655
2429	0.261223961703
2430	0.262241849591
2431	0.259862282
2432	0.260247486466
2433	0.2622588816
2434	0.26130848379
2435	0.2602307147
2436	0.287014002417
2437	0.259862282
2438	0.260920134402
2439	0.259945925068
2440	0.260348162476
2441	0.259845559846
2442	0.259828839843
2443	0.260163649249
2444	0.260046367852
2445	0.285673859215
2446	0.262497562244
2447	0.266481884775
2448	0.260331377732
2449	0.260549748355
2450	0.259979397373
2451	0.287320335847
2452	0.259945925068
2453	0.2600128783
2454	0.260046367852
2455	0.260046367852
2456	0.25991246138
2457	0.259795406292
2458	0.286423606185
2459	0.266429136975
2460	0.262634146341
2461	0.287627323883
2462	0.26139306059
2463	0.287668305193
2464	0.2631990614
2465	0.278732656865
2466	0.259962660143
2467	0.261969637991
2468	0.281002087683
2469	0.26205464339
2470	0.259795406292
2471	0.287791319222
2472	0.285815402039
2473	0.260600193611
2474	0.260213945096
2475	0.287075216835
2476	0.260381738458
2477	0.261681031689
2478	0.261342307941
2479	0.260549748355
2480	0.2602307147
2481	0.259828839843
2482	0.26248049922
2483	0.259828839843
2484	0.261901673369
2485	0.262088660998
2486	0.260079866031
2487	0.259929192147
2488	0.260432118671
2489	0.261596268463
2490	0.260029621998
2491	0.287709298183
2492	0.262787973448
2493	0.259879006307
2494	0.266306139946
2495	0.262224819793
2496	0.277602089922
2497	0.260197177653
2498	0.287014002417
2499	0.261342307941
2500	0.262839289201
2501	0.278636489097
2502	0.285129219037
2503	0.260046367852
2504	0.262327031768
2505	0.259862282
2506	0.26186770428
2507	0.263181907059
2508	0.287238583013
2509	0.28111946533
2510	0.288058210872
2511	0.287955501676
2512	0.28055304662
2513	0.260029621998
2514	0.259929192147
2515	0.259996136759
2516	0.279427029271
2517	0.259879006307
2518	0.260583376355
2519	0.278252480706
2520	0.26256583653
2521	0.262156722716
2522	0.2600128783
2523	0.260063115863
2524	0.259996136759
2525	0.260364949384
2526	0.26301048655
2527	0.259845559846
2528	0.259895732767
2529	0.285835633893
2530	0.277735745237
2531	0.260163649249
2532	0.261562378546
2533	0.286423606185
2534	0.260079866031
2535	0.259962660143
2536	0.260835863316
2537	0.261376140851
2538	0.266605044236
2539	0.262139703973
2540	0.260297814736
2541	0.259812121992
2542	0.280962983579
2543	0.291299956716
2544	0.278156643935
2545	0.259929192147
2546	0.262207792208
2547	0.286342362785
2548	0.25991246138
2549	0.262497562244
2550	0.262514627487
2551	0.262446379826
2552	0.26166407465
2553	0.262702491705
2554	0.261342307941
2555	0.281139037805
2556	0.261986634659
2557	0.260297814736
2558	0.260146888288
2559	0.26256583653
2560	0.263181907059
2561	0.262395217363
2562	0.2600128783
2563	0.261630167163
2564	0.262959103933
2565	0.259845559846
2566	0.260213945096
2567	0.279969493171
2568	0.259962660143
2569	0.259795406292
2570	0.260130129485
2571	0.266148167677
2572	0.260096618357
2573	0.262344074844
2574	0.261511560132
2575	0.262156722716
2576	0.260532937609
2577	0.260113372842
2578	0.262548764629
2579	0.261731915997
2580	0.259879006307
2581	0.260180412371
2582	0.280338794779
2583	0.266429136975
2584	0.260029621998
2585	0.260448916409
2586	0.262941980856
2587	0.260096618357
2588	0.280144304149
2589	0.2867083215
2590	0.263113312048
2591	0.26139306059
2592	0.280144304149
2593	0.262907741389
2594	0.279388362278
2595	0.259828839843
2596	0.259795406292
2597	0.279756131357
2598	0.28859348199
2599	0.2600128783
2600	0.262856398906
2601	0.26299335678
2602	0.263130457448
2603	0.260920134402
2604	0.263096168882
2605	0.277907777013
2606	0.261038205443
2607	0.26307902795
2608	0.279639889197
2609	0.278521175335
2610	0.260633834635
2611	0.263284866662
2612	0.260247486466
2613	0.260297814736
2614	0.260063115863
2615	0.262907741389
2616	0.280319333565
2617	0.287422592355
2618	0.260163649249
2619	0.262548764629
2620	0.260701142746
2621	0.259879006307
2622	0.260130129485
2623	0.261969637991
2624	0.262959103933
2625	0.262924860008
2626	0.260348162476
2627	0.260465716313
2628	0.260247486466
2629	0.287832347281
2630	0.262702491705
2631	0.261731915997
2632	0.259895732767
2633	0.260465716313
2634	0.259862282
2635	0.2659728626
2636	0.266288578212
2637	0.260364949384
2638	0.262582910652
2639	0.260398529696
2640	0.266605044236
2641	0.260096618357
2642	0.28098253427
2643	0.287279453614
2644	0.2602307147
2645	0.26068431246
2646	0.26205464339
2647	0.266464299855
2648	0.260583376355
2649	0.287729799059
2650	0.260079866031
2651	0.259895732767
2652	0.260600193611
2653	0.286565893123
2654	0.262327031768
2655	0.262617065557
2656	0.260046367852
2657	0.260650658404
2658	0.260381738458
2659	0.260751646649
2660	0.266288578212
2661	0.284406254402
2662	0.28316970547
2663	0.282951439983
2664	0.284086112284
2665	0.283428090124
2666	0.28364709188
2667	0.282832527842
2668	0.283110145131
2669	0.284366197183
2670	0.282812718868
2671	0.282555454482
2672	0.28316970547
2673	0.283010933558
2674	0.283826527026
2675	0.283189564486
2676	0.284086112284
2677	0.285350858597
2678	0.283229290875
2679	0.284286116587
2680	0.28348778433
2681	0.283328655627
2682	0.282753308592
2683	0.283986215627
2684	0.282991099587
2685	0.282674133707
2686	0.282911791494
2687	0.282852339591
2688	0.282654346913
2689	0.283766690091
2690	0.283050609842
2691	0.282496152232
2692	0.282535684299
2693	0.286322059136
2694	0.284286116587
2695	0.282654346913
2696	0.282812718868
2697	0.282753308592
2698	0.283806578577
2699	0.282693923271
2700	0.282733510713
2701	0.282951439983
2702	0.282911791494
2703	0.282792912669
2704	0.289566152743
2705	0.282971268395
2706	0.283766690091
2707	0.286159733541
2708	0.283110145131
2709	0.282674133707
2710	0.282693923271
2711	0.283050609842
2712	0.2833087771
2713	0.283050609842
2714	0.282496152232
2715	0.283070452156
2716	0.284326151246
2717	0.283507687987
2718	0.28316970547
2719	0.284426287244
2720	0.283408197642
2721	0.282555454482
2722	0.282496152232
2723	0.282674133707
2724	0.284406254402
2725	0.283269028411
2726	0.282773109244
2727	0.282693923271
2728	0.283189564486
2729	0.283686946747
2730	0.284206081081
2731	0.283010933558
2732	0.282595003149
2733	0.282911791494
2734	0.283467883468
2735	0.282812718868
2736	0.282535684299
2737	0.282852339591
2738	0.284086112284
2739	0.283050609842
2740	0.289566152743
2741	0.28356741573
2742	0.284747196954
2743	0.283447985399
2744	0.282832527842
2745	0.283090297252
2746	0.282733510713
2747	0.282693923271
2748	0.283926311349
2749	0.28348778433
2750	0.284126090628
2751	0.283129995793
2752	0.283149849239
2753	0.283467883468
2754	0.284867724868
2755	0.284206081081
2756	0.283328655627
2757	0.284086112284
2758	0.283348536945
2759	0.282872154116
2760	0.283189564486
2761	0.282991099587
2762	0.282852339591
2763	0.283686946747
2764	0.287279453614
2765	0.283368421053
2766	0.282693923271
2767	0.282555454482
2768	0.282991099587
2769	0.282674133707
2770	0.283249158249
2771	0.282713715606
2772	0.283110145131
2773	0.28356741573
2774	0.282555454482
2775	0.283547503687
2776	0.282555454482
2777	0.284086112284
2778	0.284326151246
2779	0.282812718868
2780	0.283607248209
2781	0.283746750053
2782	0.284386224382
2783	0.283090297252
2784	0.282991099587
2785	0.2833087771
2786	0.284466361395
2787	0.283408197642
2788	0.282476390346
2789	0.282812718868
2790	0.282614781635
2791	0.282674133707
2792	0.282496152232
2793	0.284406254402
2794	0.282812718868
2795	0.282911791494
2796	0.283627168645
2797	0.282971268395
2798	0.282496152232
2799	0.282595003149
2800	0.28406612733
2801	0.282634562889
2802	0.282634562889
2803	0.282872154116
2804	0.282614781635
2805	0.282595003149
2806	0.283428090124
2807	0.282872154116
2808	0.282496152232
2809	0.282812718868
2810	0.283587330571
2811	0.282575227432
2812	0.28293161435
2813	0.283467883468
2814	0.305770104498
2815	0.28356741573
2816	0.282654346913
2817	0.282535684299
2818	0.282753308592
2819	0.282911791494
2820	0.282733510713
2821	0.282693923271
2822	0.286281460475
2823	0.283189564486
2824	0.282555454482
2825	0.283129995793
2826	0.285593040526
2827	0.283926311349
2828	0.283986215627
2829	0.282991099587
2830	0.282872154116
2831	0.282792912669
2832	0.283030770309
2833	0.28406612733
2834	0.282614781635
2835	0.2833087771
2836	0.283050609842
2837	0.282713715606
2838	0.306071401501
2839	0.285169491525
2840	0.283090297252
2841	0.283050609842
2842	0.282456631226
2843	0.283010933558
2844	0.283010933558
2845	0.282951439983
2846	0.282971268395
2847	0.282674133707
2848	0.282852339591
2849	0.284046145189
2850	0.283090297252
2851	0.282872154116
2852	0.282654346913
2853	0.283667017914
2854	0.283149849239
2855	0.282515916882
2856	0.282792912669
2857	0.282476390346
2858	0.282773109244
2859	0.282832527842
2860	0.282496152232
2861	0.282654346913
2862	0.283846478279
2863	0.28450644684
2864	0.283926311349
2865	0.283209426287
2866	0.283986215627
2867	0.284026165858
2868	0.282852339591
2869	0.287873387039
2870	0.282872154116
2871	0.283269028411
2872	0.283946276633
2873	0.283886389201
2874	0.283368421053
2875	0.283467883468
2876	0.282713715606
2877	0.28450644684
2878	0.282654346913
2879	0.282753308592
2880	0.283746750053
2881	0.283328655627
2882	0.282634562889
2883	0.286952814099
2884	0.282555454482
2885	0.306071401501
2886	0.282634562889
2887	0.283229290875
2888	0.282733510713
2889	0.282812718868
2890	0.284186079246
2891	0.282872154116
2892	0.283587330571
2893	0.282595003149
2894	0.28364709188
2895	0.282614781635
2896	0.283428090124
2897	0.283507687987
2898	0.282595003149
2899	0.282555454482
2900	0.282654346913
2901	0.283966244726
2902	0.282575227432
2903	0.282792912669
2904	0.283866432337
2905	0.283906348872
2906	0.284266103485
2907	0.283070452156
2908	0.282971268395
2909	0.283966244726
2910	0.284086112284
2911	0.283806578577
2912	0.28364709188
2913	0.283926311349
2914	0.283249158249
2915	0.2842460932
2916	0.284166080225
2917	0.282792912669
2918	0.282832527842
2919	0.283826527026
2920	0.283906348872
2921	0.283229290875
2922	0.282496152232
2923	0.282753308592
2924	0.283229290875
2925	0.284006189337
2926	0.282634562889
2927	0.284266103485
2928	0.284146084019
2929	0.283388307951
2930	0.282595003149
2931	0.28348778433
2932	0.283229290875
2933	0.282713715606
2934	0.282832527842
2935	0.282674133707
2936	0.283627168645
2937	0.283686946747
2938	0.283030770309
2939	0.283806578577
2940	0.283706878381
2941	0.282891971417
2942	0.282634562889
2943	0.28406612733
2944	0.284546543584
2945	0.283507687987
2946	0.283607248209
2947	0.282773109244
2948	0.282852339591
2949	0.282832527842
2950	0.283388307951
2951	0.284466361395
2952	0.282496152232
2953	0.283110145131
2954	0.282693923271
2955	0.2833087771
2956	0.284346172805
2957	0.282713715606
2958	0.283269028411
2959	0.282773109244
2960	0.284266103485
2961	0.282654346913
2962	0.283388307951
2963	0.282515916882
2964	0.283547503687
2965	0.282773109244
2966	0.284566596195
2967	0.282872154116
2968	0.286647263434
2969	0.283846478279
2970	0.2833087771
2971	0.282792912669
2972	0.282773109244
2973	0.283886389201
2974	0.283607248209
2975	0.282496152232
2976	0.283846478279
2977	0.283090297252
2978	0.28293161435
2979	0.286423606185
2980	0.282535684299
2981	0.282891971417
2982	0.282733510713
2983	0.282773109244
2984	0.282911791494
2985	0.283627168645
2986	0.284426287244
2987	0.282971268395
2988	0.283686946747
2989	0.283587330571
2990	0.282693923271
2991	0.28364709188
2992	0.283866432337
2993	0.283547503687
2994	0.283726812816
2995	0.282733510713
2996	0.283209426287
2997	0.282713715606
2998	0.282496152232
2999	0.283229290875
3000	0.2842460932
3001	0.283706878381
3002	0.283866432337
3003	0.306071401501
3004	0.28348778433
3005	0.283826527026
3006	0.282476390346
3007	0.282911791494
3008	0.282753308592
3009	0.282812718868
3010	0.283070452156
3011	0.283866432337
3012	0.282654346913
3013	0.282911791494
3014	0.283288901361
3015	0.282634562889
3016	0.283010933558
3017	0.283826527026
3018	0.283030770309
3019	0.284907923517
3020	0.287075216835
3021	0.283428090124
3022	0.284026165858
3023	0.283129995793
3024	0.282713715606
3025	0.283507687987
3026	0.284346172805
3027	0.283746750053
3028	0.282674133707
3029	0.283467883468
3030	0.282595003149
3031	0.282456631226
3032	0.282872154116
3033	0.284186079246
3034	0.28356741573
3035	0.284226085732
3036	0.283189564486
3037	0.282496152232
3038	0.284186079246
3039	0.282872154116
3040	0.283447985399
3041	0.282971268395
3042	0.282832527842
3043	0.282773109244
3044	0.282555454482
3045	0.282595003149
3046	0.28316970547
3047	0.283428090124
3048	0.282733510713
3049	0.283946276633
3050	0.282753308592
3051	0.284446322908
3052	0.283428090124
3053	0.282634562889
3054	0.284086112284
3055	0.282555454482
3056	0.283986215627
3057	0.283229290875
3058	0.282733510713
3059	0.282535684299
3060	0.283986215627
3061	0.282713715606
3062	0.283587330571
3063	0.282654346913
3064	0.283706878381
3065	0.28348778433
3066	0.282713715606
3067	0.282693923271
3068	0.282753308592
3069	0.282753308592
3070	0.283667017914
3071	0.282456631226
3072	0.283348536945
3073	0.283667017914
3074	0.282555454482
3075	0.282891971417
3076	0.284146084019
3077	0.283527594439
3078	0.284406254402
3079	0.283726812816
3080	0.282991099587
3081	0.28293161435
3082	0.284747196954
3083	0.282634562889
3084	0.283946276633
3085	0.283467883468
3086	0.28316970547
3087	0.283447985399
3088	0.282634562889
3089	0.283467883468
3090	0.284586651632
3091	0.282555454482
3092	0.282654346913
3093	0.282753308592
3094	0.282575227432
3095	0.282733510713
3096	0.283946276633
3097	0.283587330571
3098	0.283726812816
3099	0.282634562889
3100	0.28713645737
3101	0.288263849229
3102	0.283408197642
3103	0.282832527842
3104	0.284086112284
3105	0.282674133707
3106	0.283667017914
3107	0.283447985399
3108	0.283686946747
3109	0.282792912669
3110	0.282773109244
3111	0.286912036379
3112	0.282674133707
3113	0.283786632933
3114	0.283348536945
3115	0.28364709188
3116	0.284486402705
3117	0.283686946747
3118	0.2833087771
3119	0.283806578577
3120	0.283846478279
3121	0.282515916882
3122	0.282614781635
3123	0.283090297252
3124	0.283030770309
3125	0.282476390346
3126	0.282595003149
3127	0.282555454482
3128	0.282634562889
3129	0.283129995793
3130	0.282693923271
3131	0.282595003149
3132	0.284106100049
3133	0.282634562889
3134	0.282476390346
3135	0.283129995793
3136	0.283726812816
3137	0.283408197642
3138	0.282812718868
3139	0.282852339591
3140	0.283846478279
3141	0.282654346913
3142	0.283547503687
3143	0.282515916882
3144	0.282753308592
3145	0.283806578577
3146	0.28364709188
3147	0.282535684299
3148	0.283030770309
3149	0.283746750053
3150	0.284206081081
3151	0.282713715606
3152	0.284126090628
3153	0.282654346913
3154	0.2842460932
3155	0.282674133707
3156	0.282693923271
3157	0.282733510713
3158	0.283467883468
3159	0.282575227432
3160	0.283030770309
3161	0.282555454482
3162	0.284146084019
3163	0.282891971417
3164	0.283467883468
3165	0.283328655627
3166	0.283189564486
3167	0.282773109244
3168	0.284466361395
3169	0.28364709188
3170	0.28293161435
3171	0.282812718868
3172	0.283866432337
3173	0.306141015921
3174	0.283906348872
3175	0.282555454482
3176	0.282971268395
3177	0.283249158249
3178	0.283209426287
3179	0.284026165858
3180	0.282595003149
3181	0.282595003149
3182	0.283786632933
3183	0.282456631226
3184	0.28364709188
3185	0.284026165858
3186	0.286322059136
3187	0.283110145131
3188	0.283447985399
3189	0.282812718868
3190	0.282674133707
3191	0.283229290875
3192	0.282753308592
3193	0.282971268395
3194	0.282773109244
3195	0.283866432337
3196	0.283229290875
3197	0.282595003149
3198	0.284146084019
3199	0.282872154116
3200	0.282654346913
3201	0.284466361395
3202	0.282654346913
3203	0.283050609842
3204	0.283368421053
3205	0.283428090124
3206	0.283447985399
3207	0.283249158249
3208	0.282733510713
3209	0.282911791494
3210	0.282713715606
3211	0.28293161435
3212	0.283129995793
3213	0.283149849239
3214	0.283686946747
3215	0.28293161435
3216	0.282575227432
3217	0.282555454482
3218	0.282614781635
3219	0.283209426287
3220	0.283507687987
3221	0.282951439983
3222	0.286464245176
3223	0.282891971417
3224	0.283527594439
3225	0.282991099587
3226	0.284006189337
3227	0.282535684299
3228	0.283149849239
3229	0.282713715606
3230	0.282456631226
3231	0.282991099587
3232	0.284526493799
3233	0.284266103485
3234	0.283090297252
3235	0.282595003149
3236	0.282852339591
3237	0.282991099587
3238	0.283249158249
3239	0.283667017914
3240	0.283746750053
3241	0.282812718868
3242	0.282733510713
3243	0.282971268395
3244	0.282713715606
3245	0.286749041329
3246	0.282713715606
3247	0.283746750053
3248	0.286443924239
3249	0.282713715606
3250	0.283110145131
3251	0.282614781635
3252	0.284146084019
3253	0.283447985399
3254	0.282674133707
3255	0.283070452156
3256	0.283686946747
3257	0.283269028411
3258	0.287279453614
3259	0.283050609842
3260	0.282991099587
3261	0.283507687987
3262	0.282911791494
3263	0.287791319222
3264	0.283050609842
3265	0.286749041329
3266	0.282595003149
3267	0.283866432337
3268	0.282476390346
3269	0.282614781635
3270	0.282555454482
3271	0.282535684299
3272	0.2833087771
3273	0.282951439983
3274	0.283686946747
3275	0.283010933558
3276	0.282832527842
3277	0.283846478279
3278	0.287075216835
3279	0.28293161435
3280	0.284566596195
3281	0.282674133707
3282	0.282476390346
3283	0.282753308592
3284	0.283826527026
3285	0.282971268395
3286	0.282891971417
3287	0.283388307951
3288	0.283388307951
3289	0.286322059136
3290	0.306373292868
3291	0.284807448159
3292	0.282674133707
3293	0.283627168645
3294	0.282891971417
3295	0.283926311349
3296	0.283249158249
3297	0.283686946747
3298	0.283328655627
3299	0.283627168645
3300	0.282792912669
3301	0.283229290875
3302	0.283766690091
3303	0.283149849239
3304	0.283706878381
3305	0.282535684299
3306	0.282872154116
3307	0.282812718868
3308	0.282614781635
3309	0.282792912669
3310	0.282535684299
3311	0.282654346913
3312	0.282773109244
3313	0.283070452156
3314	0.282753308592
3315	0.282713715606
3316	0.283209426287
3317	0.282575227432
3318	0.282832527842
3319	0.283149849239
3320	0.284686971235
3321	0.283806578577
3322	0.282595003149
3323	0.282575227432
3324	0.284166080225
3325	0.282812718868
3326	0.282753308592
3327	0.283428090124
3328	0.282852339591
3329	0.282812718868
3330	0.284286116587
3331	0.283726812816
3332	0.283667017914
3333	0.282575227432
3334	0.282614781635
3335	0.283726812816
3336	0.282575227432
3337	0.282911791494
3338	0.282614781635
3339	0.283886389201
3340	0.282753308592
3341	0.283050609842
3342	0.283786632933
3343	0.282713715606
3344	0.283946276633
3345	0.283726812816
3346	0.283129995793
3347	0.283946276633
3348	0.284106100049
3349	0.282674133707
3350	0.28406612733
3351	0.284106100049
3352	0.282693923271
3353	0.283667017914
3354	0.282614781635
3355	0.283706878381
3356	0.282832527842
3357	0.282733510713
3358	0.282654346913
3359	0.282792912669
3360	0.283906348872
3361	0.286281460475
3362	0.283926311349
3363	0.285048708175
3364	0.283408197642
3365	0.283348536945
3366	0.2842460932
3367	0.282654346913
3368	0.282614781635
3369	0.283288901361
3370	0.282555454482
3371	0.282733510713
3372	0.282575227432
3373	0.282773109244
3374	0.282753308592
3375	0.282496152232
3376	0.282595003149
3377	0.283050609842
3378	0.283627168645
3379	0.28293161435
3380	0.282852339591
3381	0.283507687987
3382	0.282773109244
3383	0.282773109244
3384	0.283408197642
3385	0.286993603412
3386	0.283986215627
3387	0.284366197183
3388	0.282634562889
3389	0.282575227432
3390	0.28293161435
3391	0.28348778433
3392	0.282773109244
3393	0.282812718868
3394	0.283050609842
3395	0.283189564486
3396	0.283946276633
3397	0.284727118883
3398	0.282595003149
3399	0.28316970547
3400	0.283129995793
3401	0.282595003149
3402	0.282733510713
3403	0.283467883468
3404	0.283368421053
3405	0.282693923271
3406	0.284406254402
3407	0.282476390346
3408	0.282476390346
3409	0.283269028411
3410	0.283030770309
3411	0.283667017914
3412	0.283906348872
3413	0.282496152232
3414	0.282792912669
3415	0.283010933558
3416	0.28348778433
3417	0.284206081081
3418	0.282634562889
3419	0.283686946747
3420	0.28316970547
3421	0.282832527842
3422	0.283229290875
3423	0.282753308592
3424	0.282575227432
3425	0.282634562889
3426	0.284686971235
3427	0.282614781635
3428	0.282595003149
3429	0.282535684299
3430	0.282852339591
3431	0.282891971417
3432	0.282852339591
3433	0.283726812816
3434	0.284566596195
3435	0.283408197642
3436	0.282575227432
3437	0.314412520439
3438	0.239544402919
3439	0.2393314367
3440	0.277850409413
3441	0.239288888889
3442	0.239843193158
3443	0.239515985527
3444	0.239274709647
3445	0.239303069812
3446	0.239359810314
3447	0.239288888889
3448	0.23987168825
3449	0.239843193158
3450	0.239459170966
3451	0.239218009479
3452	0.239430773792
3453	0.239218009479
3454	0.260113372842
3455	0.239743513626
3456	0.278386763185
3457	0.239288888889
3458	0.239487574877
3459	0.23941657773
3460	0.239601257936
3461	0.239317252415
3462	0.239487574877
3463	0.239544402919
3464	0.239643916914
3465	0.239430773792
3466	0.239572827054
3467	0.239246356203
3468	0.239615475908
3469	0.239601257936
3470	0.239430773792
3471	0.239558614143
3472	0.23941657773
3473	0.239444971537
3474	0.239459170966
3475	0.239658139949
3476	0.23941657773
3477	0.239288888889
3478	0.239444971537
3479	0.23941657773
3480	0.239558614143
3481	0.239402383352
3482	0.239388190657
3483	0.239388190657
3484	0.23941657773
3485	0.239473372079
3486	0.239629695567
3487	0.260046367852
3488	0.23987168825
3489	0.239274709647
3490	0.23941657773
3491	0.23953019338
3492	0.2393314367
3493	0.239473372079
3494	0.239260532085
3495	0.278482758621
3496	0.239473372079
3497	0.239544402919
3498	0.239459170966
3499	0.239501779359
3500	0.239487574877
3501	0.278348383539
3502	0.239317252415
3503	0.239388190657
3504	0.239317252415
3505	0.239558614143
3506	0.239885938335
3507	0.2393314367
3508	0.239544402919
3509	0.239515985527
3510	0.239487574877
3511	0.239515985527
3512	0.239388190657
3513	0.239288888889
3514	0.239786223278
3515	0.239359810314
3516	0.239402383352
3517	0.239473372079
3518	0.239672364672
3519	0.239444971537
3520	0.239345622666
3521	0.240028532366
3522	0.2393314367
3523	0.239402383352
3524	0.239430773792
3525	0.278041726916
3526	0.239629695567
3527	0.23953019338
3528	0.239715048976
3529	0.239700819186
3530	0.239317252415
3531	0.2393314367
3532	0.23941657773
3533	0.23941657773
3534	0.23953019338
3535	0.239473372079
3536	0.239359810314
3537	0.239260532085
3538	0.239487574877
3539	0.239345622666
3540	0.278003442341
3541	0.239373999644
3542	0.239672364672
3543	0.239345622666
3544	0.239274709647
3545	0.24038576021
3546	0.239430773792
3547	0.239388190657
3548	0.239317252415
3549	0.23941657773
3550	0.27775484936
3551	0.2393314367
3552	0.239303069812
3553	0.239672364672
3554	0.239501779359
3555	0.239487574877
3556	0.277602089922
3557	0.239643916914
3558	0.239743513626
3559	0.239587041652
3560	0.239246356203
3561	0.277621175662
3562	0.23941657773
3563	0.239444971537
3564	0.239444971537
3565	0.239260532085
3566	0.2393314367
3567	0.239402383352
3568	0.239700819186
3569	0.239572827054
3570	0.239218009479
3571	0.239444971537
3572	0.239317252415
3573	0.239515985527
3574	0.23941657773
3575	0.239246356203
3576	0.23980046321
3577	0.278386763185
3578	0.239544402919
3579	0.239430773792
3580	0.2393314367
3581	0.239373999644
3582	0.239246356203
3583	0.239345622666
3584	0.239900190114
3585	0.239317252415
3586	0.23987168825
3587	0.239444971537
3588	0.239260532085
3589	0.239232182001
3590	0.239587041652
3591	0.239473372079
3592	0.277640264026
3593	0.23987168825
3594	0.239373999644
3595	0.239402383352
3596	0.240428699018
3597	0.239246356203
3598	0.239359810314
3599	0.239672364672
3600	0.239303069812
3601	0.239501779359
3602	0.239444971537
3603	0.2393314367
3604	0.240285629277
3605	0.239757748486
3606	0.239274709647
3607	0.239317252415
3608	0.239473372079
3609	0.277907777013
3610	0.23941657773
3611	0.240014265335
3612	0.239473372079
3613	0.23941657773
3614	0.239345622666
3615	0.239487574877
3616	0.239373999644
3617	0.239672364672
3618	0.239487574877
3619	0.239260532085
3620	0.239430773792
3621	0.239402383352
3622	0.239373999644
3623	0.239473372079
3624	0.239402383352
3625	0.239729280456
3626	0.239359810314
3627	0.239473372079
3628	0.23953019338
3629	0.239729280456
3630	0.239388190657
3631	0.239345622666
3632	0.239288888889
3633	0.278636489097
3634	0.239515985527
3635	0.239587041652
3636	0.239558614143
3637	0.239274709647
3638	0.239359810314
3639	0.239373999644
3640	0.23980046321
3641	0.239345622666
3642	0.23953019338
3643	0.239544402919
3644	0.239388190657
3645	0.239459170966
3646	0.239444971537
3647	0.239317252415
3648	0.239501779359
3649	0.23941657773
3650	0.239218009479
3651	0.277965168307
3652	0.239303069812
3653	0.239260532085
3654	0.239373999644
3655	0.23941657773
3656	0.239515985527
3657	0.239388190657
3658	0.239430773792
3659	0.239345622666
3660	0.239288888889
3661	0.239288888889
3662	0.239444971537
3663	0.239402383352
3664	0.239345622666
3665	0.239288888889
3666	0.2393314367
3667	0.23953019338
3668	0.239359810314
3669	0.239303069812
3670	0.239515985527
3671	0.2393314367
3672	0.23987168825
3673	0.239260532085
3674	0.278080022037
3675	0.239402383352
3676	0.239274709647
3677	0.278348383539
3678	0.239274709647
3679	0.239388190657
3680	0.239814704834
3681	0.239345622666
3682	0.2393314367
3683	0.239444971537
3684	0.27867494824
3685	0.23941657773
3686	0.239260532085
3687	0.239672364672
3688	0.239232182001
3689	0.239246356203
3690	0.239572827054
3691	0.239246356203
3692	0.278080022037
3693	0.239615475908
3694	0.239274709647
3695	0.23941657773
3696	0.23941657773
3697	0.239501779359
3698	0.239459170966
3699	0.239246356203
3700	0.239303069812
3701	0.23941657773
3702	0.239743513626
3703	0.23941657773
3704	0.239232182001
3705	0.239743513626
3706	0.239558614143
3707	0.239544402919
3708	0.23941657773
3709	0.239218009479
3710	0.239572827054
3711	0.239615475908
3712	0.239317252415
3713	0.239572827054
3714	0.239572827054
3715	0.239402383352
3716	0.239303069812
3717	0.239246356203
3718	0.239587041652
3719	0.23953019338
3720	0.239345622666
3721	0.277965168307
3722	0.239672364672
3723	0.2600128783
3724	0.239288888889
3725	0.239473372079
3726	0.23941657773
3727	0.239288888889
3728	0.239601257936
3729	0.239218009479
3730	0.239601257936
3731	0.239771985037
3732	0.239232182001
3733	0.239246356203
3734	0.239900190114
3735	0.239430773792
3736	0.239373999644
3737	0.239757748486
3738	0.239629695567
3739	0.23941657773
3740	0.239587041652
3741	0.277697544873
3742	0.239274709647
3743	0.239473372079
3744	0.239246356203
3745	0.239288888889
3746	0.239232182001
3747	0.239515985527
3748	0.239218009479
3749	0.239288888889
3750	0.277907777013
3751	0.239288888889
3752	0.239473372079
3753	0.239558614143
3754	0.239317252415
3755	0.239317252415
3756	0.278521175335
3757	0.239444971537
3758	0.23982894815
3759	0.239473372079
3760	0.239444971537
3761	0.239501779359
3762	0.239444971537
3763	0.239373999644
3764	0.239615475908
3765	0.239260532085
3766	0.239345622666
3767	0.239345622666
3768	0.23953019338
3769	0.239388190657
3770	0.239345622666
3771	0.239303069812
3772	0.239317252415
3773	0.239402383352
3774	0.239459170966
3775	0.2393314367
3776	0.239473372079
3777	0.239345622666
3778	0.239388190657
3779	0.239501779359
3780	0.239430773792
3781	0.239260532085
3782	0.239658139949
3783	0.239388190657
3784	0.239373999644
3785	0.239473372079
3786	0.239501779359
3787	0.239274709647
3788	0.239373999644
3789	0.239317252415
3790	0.239843193158
3791	0.239501779359
3792	0.23941657773
3793	0.239900190114
3794	0.239700819186
3795	0.239274709647
3796	0.239359810314
3797	0.278233308069
3798	0.239218009479
3799	0.239402383352
3800	0.239900190114
3801	0.239246356203
3802	0.239430773792
3803	0.239501779359
3804	0.239900190114
3805	0.239274709647
3806	0.239288888889
3807	0.239232182001
3808	0.239232182001
3809	0.239430773792
3810	0.239700819186
3811	0.239246356203
3812	0.239303069812
3813	0.239303069812
3814	0.239317252415
3815	0.23941657773
3816	0.239246356203
3817	0.239373999644
3818	0.239402383352
3819	0.239388190657
3820	0.239218009479
3821	0.239572827054
3822	0.239629695567
3823	0.239402383352
3824	0.239914443586
3825	0.239587041652
3826	0.239658139949
3827	0.239317252415
3828	0.239601257936
3829	0.239729280456
3830	0.279427029271
3831	0.239558614143
3832	0.239373999644
3833	0.239658139949
3834	0.239303069812
3835	0.239572827054
3836	0.239515985527
3837	0.239444971537
3838	0.240071343639
3839	0.239274709647
3840	0.239373999644
3841	0.239672364672
3842	0.239786223278
3843	0.239317252415
3844	0.239274709647
3845	0.239487574877
3846	0.239232182001
3847	0.239388190657
3848	0.239288888889
3849	0.239274709647
3850	0.239487574877
3851	0.278482758621
3852	0.239515985527
3853	0.239218009479
3854	0.239232182001
3855	0.23941657773
3856	0.239218009479
3857	0.239359810314
3858	0.239658139949
3859	0.239288888889
3860	0.239729280456
3861	0.260146888288
3862	0.239473372079
3863	0.239359810314
3864	0.239303069812
3865	0.239260532085
3866	0.239473372079
3867	0.239572827054
3868	0.239459170966
3869	0.239658139949
3870	0.239572827054
3871	0.239317252415
3872	0.277659355016
3873	0.239743513626
3874	0.239402383352
3875	0.239232182001
3876	0.2393314367
3877	0.278405956977
3878	0.239345622666
3879	0.239232182001
3880	0.239345622666
3881	0.239459170966
3882	0.239260532085
3883	0.23941657773
3884	0.239686591084
3885	0.239232182001
3886	0.277907777013
3887	0.239274709647
3888	0.239345622666
3889	0.23941657773
3890	0.239274709647
3891	0.239544402919
3892	0.239388190657
3893	0.239288888889
3894	0.2393314367
3895	0.239388190657
3896	0.239501779359
3897	0.239260532085
3898	0.239430773792
3899	0.239303069812
3900	0.239686591084
3901	0.239317252415
3902	0.23980046321
3903	0.239459170966
3904	0.239303069812
3905	0.239317252415
3906	0.23982894815
3907	0.239572827054
3908	0.239303069812
3909	0.239515985527
3910	0.239260532085
3911	0.239303069812
3912	0.23941657773
3913	0.239459170966
3914	0.239317252415
3915	0.239515985527
3916	0.239303069812
3917	0.23941657773
3918	0.239643916914
3919	0.239373999644
3920	0.239430773792
3921	0.239629695567
3922	0.239232182001
3923	0.239303069812
3924	0.239786223278
3925	0.239274709647
3926	0.239814704834
3927	0.239544402919
3928	0.239246356203
3929	0.23941657773
3930	0.23987168825
3931	0.239515985527
3932	0.239317252415
3933	0.239515985527
3934	0.239345622666
3935	0.239218009479
3936	0.239288888889
3937	0.239402383352
3938	0.24038576021
3939	0.239260532085
3940	0.239359810314
3941	0.239303069812
3942	0.239232182001
3943	0.277831292143
3944	0.239388190657
3945	0.239686591084
3946	0.239260532085
3947	0.239658139949
3948	0.278521175335
3949	0.239373999644
3950	0.239430773792
3951	0.239700819186
3952	0.239260532085
3953	0.239260532085
3954	0.239260532085
3955	0.239246356203
3956	0.239544402919
3957	0.239459170966
3958	0.2393314367
3959	0.239232182001
3960	0.239444971537
3961	0.259996136759
3962	0.278099173554
3963	0.239288888889
3964	0.23941657773
3965	0.239260532085
3966	0.23987168825
3967	0.239430773792
3968	0.239857439857
3969	0.239558614143
3970	0.239288888889
3971	0.23987168825
3972	0.239459170966
3973	0.239317252415
3974	0.239218009479
3975	0.23941657773
3976	0.23941657773
3977	0.239288888889
3978	0.239260532085
3979	0.239373999644
3980	0.225448048685
3981	0.184039013719
3982	0.184089354912
3983	0.18398870005
3984	0.183980317113
3985	0.184022239439
3986	0.184047402005
3987	0.18398870005
3988	0.184030626196
3989	0.224782899132
3990	0.184005468216
3991	0.183997083751
3992	0.183997083751
3993	0.184022239439
3994	0.184064180873
3995	0.184047402005
3996	0.184005468216
3997	0.184064180873
3998	0.184089354912
3999	0.184005468216
4000	0.184047402005
4001	0.18398870005
4002	0.184030626196
4003	0.184013853445
4004	0.184055791057
4005	0.183997083751
4006	0.18398870005
4007	0.184005468216
4008	0.183980317113
4009	0.184055791057
4010	0.183980317113
4011	0.224757875988
4012	0.18398870005
4013	0.184022239439
4014	0.184072571455
4015	0.183980317113
4016	0.184005468216
4017	0.184047402005
4018	0.184030626196
4019	0.184039013719
4020	0.184039013719
4021	0.184064180873
4022	0.183980317113
4023	0.184122931011
4024	0.183980317113
4025	0.184005468216
4026	0.184047402005
4027	0.184030626196
4028	0.18398870005
4029	0.18398870005
4030	0.184131326949
4031	0.224845481374
4032	0.18398870005
4033	0.183997083751
4034	0.18398870005
4035	0.183980317113
4036	0.18398870005
4037	0.184005468216
4038	0.184047402005
