0	0.0859336305102
1	0.00421000495295
2	0.00247647350173
3	0.00421000495295
4	0.00247647350173
5	0.00321941555225
6	0.00148588410104
7	0.00495294700347
8	0.00198117880139
9	0.0141158989599
10	0.00247647350173
11	0.000247647350173
12	0.000247647350173
13	0.00767706785537
14	0.0037147102526
15	0.000247647350173
16	0.00222882615156
17	0.00321941555225
18	0.000247647350173
19	0.00396235760277
20	0.0037147102526
21	0.0160970777613
22	0.00272412085191
23	0.00421000495295
24	0.00396235760277
25	0.017087667162
26	0.0168400198118
27	0.00123823675087
28	0.00321941555225
29	0.00321941555225
30	0.00421000495295
31	0.00569588905399
32	0.00148588410104
33	0.000495294700347
34	0.00123823675087
35	0.000495294700347
36	0.00272412085191
37	0.000247647350173
38	0.00222882615156
39	0.0037147102526
40	0.0108964834076
41	0.00594353640416
42	0.000495294700347
43	0.000247647350173
44	0.00148588410104
45	0.00297176820208
46	0.00123823675087
47	0.000495294700347
48	0.00544824170381
49	0.000990589400693
50	0.00272412085191
51	0.00173353145121
52	0.000495294700347
53	0.00767706785537
54	0.00198117880139
55	0.00421000495295
56	0.0193164933135
57	0.0037147102526
58	0.00297176820208
59	0.00470529965329
60	0.00198117880139
61	0.00074294205052
62	0.00643883110451
63	0.00148588410104
64	0.00173353145121
65	0.00297176820208
66	0.0037147102526
67	0.0188211986132
68	0.00222882615156
69	0.00247647350173
70	0.000495294700347
71	0.00074294205052
72	0.00594353640416
73	0.00247647350173
74	0.000247647350173
75	0.00346706290243
76	0.00074294205052
77	0.00148588410104
78	0.00222882615156
79	0.00297176820208
80	0.00569588905399
81	0.00074294205052
82	0.00842000990589
83	0.00173353145121
84	0.00321941555225
85	0.00346706290243
86	0.00148588410104
87	0.00321941555225
88	0.00495294700347
89	0.00198117880139
90	0.000495294700347
91	0.00198117880139
92	0.00520059435364
93	0.00198117880139
94	0.00544824170381
95	0.00148588410104
96	0.00222882615156
97	0.00074294205052
98	0.0121347201585
99	0.00321941555225
100	0.00222882615156
101	0.00470529965329
102	0.00148588410104
103	0.00396235760277
104	0.00792471520555
105	0.00346706290243
106	0.00198117880139
107	0.258791480931
108	0.00321941555225
109	0.00916295195641
110	0.00123823675087
111	0.00346706290243
112	0.00074294205052
113	0.00990589400693
114	0.000247647350173
115	0.00520059435364
116	0.00421000495295
117	0.00148588410104
118	0.00891530460624
119	0.0153541357107
120	0.000990589400693
121	0.00297176820208
122	0.0156017830609
123	0.00445765230312
124	0.000990589400693
125	0.000990589400693
126	0.00173353145121
127	0.00396235760277
128	0.00693412580485
129	0.00173353145121
130	0.00396235760277
131	0.00173353145121
132	0.00396235760277
133	0.00445765230312
134	0.00470529965329
135	0.00247647350173
136	0.0329370975731
137	0.00396235760277
138	0.000495294700347
139	0.00222882615156
140	0.00272412085191
141	0.00693412580485
142	0.0106488360575
143	0.00297176820208
144	0.0037147102526
145	0.000495294700347
146	0.00247647350173
147	0.00148588410104
148	0.00495294700347
149	0.00346706290243
150	0.00272412085191
151	0.00173353145121
152	0.00123823675087
153	0.000495294700347
154	0.000495294700347
155	0.00074294205052
156	0.00297176820208
157	0.00074294205052
158	0.00619118375433
159	0.00346706290243
160	0.000495294700347
161	0.00619118375433
162	0.00198117880139
163	0.00148588410104
164	0.00074294205052
165	0.00272412085191
166	0.000990589400693
167	0.00173353145121
168	0.00272412085191
169	0.00941059930659
170	0.011391778108
171	0.00544824170381
172	0.0101535413571
173	0.00297176820208
174	0.000990589400693
175	0.00421000495295
176	0.00346706290243
177	0.00272412085191
178	0.00321941555225
179	0.00074294205052
180	0.00495294700347
181	0.00247647350173
182	0.00074294205052
183	0.000495294700347
184	0.00445765230312
185	0.00643883110451
186	0.0108964834076
187	0.00396235760277
188	0.0118870728083
189	0.00173353145121
190	0.000990589400693
191	0.00074294205052
192	0.00123823675087
193	0.00123823675087
194	0.00470529965329
195	0.00222882615156
196	0.00321941555225
197	0.00396235760277
198	0.00297176820208
199	0.0116394254581
200	0.0141158989599
201	0.000990589400693
202	0.000990589400693
203	0.0141158989599
204	0.00544824170381
205	0.000495294700347
206	0.000990589400693
207	0.00074294205052
208	0.00173353145121
209	0.000247647350173
210	0.000247647350173
211	0.0074294205052
212	0.00445765230312
213	0.00965824665676
214	0.00421000495295
215	0.000247647350173
216	0.000495294700347
217	0.00198117880139
218	0.00222882615156
219	0.00148588410104
220	0.000990589400693
221	0.00198117880139
222	0.00272412085191
223	0.00668647845468
224	0.00693412580485
225	0.00247647350173
226	0.00346706290243
227	0.0037147102526
228	0.00074294205052
229	0.00148588410104
230	0.00222882615156
231	0.00520059435364
232	0.00619118375433
233	0.000495294700347
234	0.000495294700347
235	0.00123823675087
236	0.00916295195641
237	0.00173353145121
238	0.00569588905399
239	0.0146111936602
240	0.00074294205052
241	0.000495294700347
242	0.00594353640416
243	0.00198117880139
244	0.000495294700347
245	0.00123823675087
246	0.00346706290243
247	0.00074294205052
248	0.00520059435364
249	0.00594353640416
250	0.00123823675087
251	0.00346706290243
252	0.0160970777613
253	0.00074294205052
254	0.00421000495295
255	0.000495294700347
256	0.000495294700347
257	0.00445765230312
258	0.0037147102526
259	0.00198117880139
260	0.00198117880139
261	0.00941059930659
262	0.000990589400693
263	0.00173353145121
264	0.00123823675087
265	0.00668647845468
266	0.00445765230312
267	0.000495294700347
268	0.00272412085191
269	0.00148588410104
270	0.000990589400693
271	0.0180782565627
272	0.0111441307578
273	0.00222882615156
274	0.00346706290243
275	0.00247647350173
276	0.00445765230312
277	0.0160970777613
278	0.00247647350173
279	0.000495294700347
280	0.0106488360575
281	0.00396235760277
282	0.000495294700347
283	0.00123823675087
284	0.00396235760277
285	0.0116394254581
286	0.000495294700347
287	0.000247647350173
288	0.000990589400693
289	0.000990589400693
290	0.00346706290243
291	0.00891530460624
292	0.000247647350173
293	0.00074294205052
294	0.00074294205052
295	0.00247647350173
296	0.00173353145121
297	0.00619118375433
298	0.00272412085191
299	0.00495294700347
300	0.00173353145121
301	0.00074294205052
302	0.00495294700347
303	0.00520059435364
304	0.0136206042595
305	0.000495294700347
306	0.00222882615156
307	0.000990589400693
308	0.00594353640416
309	0.00247647350173
310	0.00321941555225
311	0.00173353145121
312	0.00643883110451
313	0.00916295195641
314	0.00321941555225
315	0.0138682516097
316	0.000495294700347
317	0.00173353145121
318	0.00272412085191
319	0.00198117880139
320	0.00520059435364
321	0.00074294205052
322	0.0178306092125
323	0.00965824665676
324	0.00643883110451
325	0.00965824665676
326	0.00470529965329
327	0.000990589400693
328	0.00222882615156
329	0.0074294205052
330	0.00396235760277
331	0.00495294700347
332	0.0106488360575
333	0.00198117880139
334	0.00693412580485
335	0.000247647350173
336	0.00074294205052
337	0.00222882615156
338	0.00173353145121
339	0.00668647845468
340	0.00148588410104
341	0.00297176820208
342	0.00842000990589
343	0.00445765230312
344	0.00222882615156
345	0.00396235760277
346	0.00668647845468
347	0.00173353145121
348	0.0567112431897
349	0.00123823675087
350	0.00520059435364
351	0.00123823675087
352	0.00569588905399
353	0.0252600297177
354	0.00643883110451
355	0.00965824665676
356	0.00074294205052
357	0.00445765230312
358	0.000247647350173
359	0.00643883110451
360	0.0106488360575
361	0.00569588905399
362	0.00470529965329
363	0.0237741456166
364	0.00222882615156
365	0.00148588410104
366	0.0240217929668
367	0.00792471520555
368	0.00842000990589
369	0.00643883110451
370	0.0175829618623
371	0.00123823675087
372	0.00421000495295
373	0.0232788509163
374	0.0168400198118
375	0.00421000495295
376	0.0329370975731
377	0.000495294700347
378	0.0153541357107
379	0.000495294700347
380	0.00272412085191
381	0.00297176820208
382	0.00297176820208
383	0.00074294205052
384	0.000990589400693
385	0.00198117880139
386	0.00074294205052
387	0.00891530460624
388	0.00941059930659
389	0.0118870728083
390	0.00148588410104
391	0.0151064883606
392	0.00965824665676
393	0.00173353145121
394	0.00891530460624
395	0.0190688459633
396	0.00668647845468
397	0.0116394254581
398	0.00817236255572
399	0.00198117880139
400	0.0180782565627
401	0.000495294700347
402	0.0141158989599
403	0.00495294700347
404	0.0126300148588
405	0.00272412085191
406	0.000990589400693
407	0.0037147102526
408	0.0136206042595
409	0.00842000990589
410	0.0037147102526
411	0.00074294205052
412	0.0245170876672
413	0.00421000495295
414	0.0393759286776
415	0.00643883110451
416	0.00520059435364
417	0.0153541357107
418	0.00569588905399
419	0.0141158989599
420	0.00842000990589
421	0.00619118375433
422	0.0148588410104
423	0.0141158989599
424	0.00421000495295
425	0.00470529965329
426	0.00445765230312
427	0.00222882615156
428	0.0284794452699
429	0.00247647350173
430	0.00941059930659
431	0.0175829618623
432	0.0136206042595
433	0.00247647350173
434	0.00817236255572
435	0.00247647350173
436	0.0148588410104
437	0.00247647350173
438	0.0175829618623
439	0.0106488360575
440	0.00346706290243
441	0.00198117880139
442	0.00297176820208
443	0.000495294700347
444	0.0116394254581
445	0.00668647845468
446	0.00445765230312
447	0.000247647350173
448	0.00074294205052
449	0.00247647350173
450	0.00544824170381
451	0.00619118375433
452	0.0104011887073
453	0.00123823675087
454	0.00074294205052
455	0.00916295195641
456	0.0151064883606
457	0.00495294700347
458	0.00643883110451
459	0.00247647350173
460	0.0163447251114
461	0.0131253095592
462	0.00470529965329
463	0.0106488360575
464	0.00123823675087
465	0.0193164933135
466	0.00222882615156
467	0.000990589400693
468	0.000495294700347
469	0.00544824170381
470	0.00396235760277
471	0.00767706785537
472	0.00123823675087
473	0.00792471520555
474	0.00495294700347
475	0.0302129767211
476	0.00148588410104
477	0.00297176820208
478	0.00198117880139
479	0.00916295195641
480	0.00173353145121
481	0.00668647845468
482	0.00842000990589
483	0.05720653789
484	0.0264982664685
485	0.00123823675087
486	0.00396235760277
487	0.00817236255572
488	0.00693412580485
489	0.00594353640416
490	0.00321941555225
491	0.00272412085191
492	0.0160970777613
493	0.0138682516097
494	0.00569588905399
495	0.00569588905399
496	0.00990589400693
497	0.0205547300644
498	0.00148588410104
499	0.00074294205052
500	0.0205547300644
501	0.00198117880139
502	0.00272412085191
503	0.0143635463101
504	0.0106488360575
505	0.00321941555225
506	0.0178306092125
507	0.0160970777613
508	0.00396235760277
509	0.0037147102526
510	0.00643883110451
511	0.0074294205052
512	0.00718177315503
513	0.0220406141654
514	0.0158494304111
515	0.0151064883606
516	0.00495294700347
517	0.025755324418
518	0.00470529965329
519	0.00619118375433
520	0.0123823675087
521	0.0037147102526
522	0.00272412085191
523	0.0106488360575
524	0.0158494304111
525	0.017087667162
526	0.024269440317
527	0.011391778108
528	0.00321941555225
529	0.00222882615156
530	0.000990589400693
531	0.00990589400693
532	0.00247647350173
533	0.00148588410104
534	0.00198117880139
535	0.00297176820208
536	0.00544824170381
537	0.00990589400693
538	0.0215453194651
539	0.00544824170381
540	0.00198117880139
541	0.00247647350173
542	0.0143635463101
543	0.00520059435364
544	0.0165923724616
545	0.011391778108
546	0.0074294205052
547	0.00792471520555
548	0.00792471520555
549	0.00173353145121
550	0.000247647350173
551	0.00421000495295
552	0.000990589400693
553	0.0210500247647
554	0.00445765230312
555	0.00941059930659
556	0.0118870728083
557	0.00916295195641
558	0.00495294700347
559	0.0205547300644
560	0.0074294205052
561	0.020059435364
562	0.00123823675087
563	0.0225359088658
564	0.00222882615156
565	0.00495294700347
566	0.0210500247647
567	0.0156017830609
568	0.00297176820208
569	0.0037147102526
570	0.00866765725607
571	0.00074294205052
572	0.000990589400693
573	0.00792471520555
574	0.00272412085191
575	0.00297176820208
576	0.00346706290243
577	0.00544824170381
578	0.00594353640416
579	0.00965824665676
580	0.0208023774146
581	0.000495294700347
582	0.00520059435364
583	0.00619118375433
584	0.0037147102526
585	0.000247647350173
586	0.00173353145121
587	0.00247647350173
588	0.00346706290243
589	0.00520059435364
590	0.00346706290243
591	0.011391778108
592	0.0101535413571
593	0.00123823675087
594	0.00198117880139
595	0.00470529965329
596	0.011391778108
597	0.00544824170381
598	0.00396235760277
599	0.00569588905399
600	0.00594353640416
601	0.00619118375433
602	0.000247647350173
603	0.00445765230312
604	0.00866765725607
605	0.00445765230312
606	0.0225359088658
607	0.000247647350173
608	0.000247647350173
609	0.0074294205052
610	0.00123823675087
611	0.00396235760277
612	0.0037147102526
613	0.000247647350173
614	0.00792471520555
615	0.00594353640416
616	0.00470529965329
617	0.00619118375433
618	0.00594353640416
619	0.00643883110451
620	0.00495294700347
621	0.00173353145121
622	0.00321941555225
623	0.00421000495295
624	0.000247647350173
625	0.00520059435364
626	0.00346706290243
627	0.00594353640416
628	0.00297176820208
629	0.00272412085191
630	0.00965824665676
631	0.00272412085191
632	0.00544824170381
633	0.0037147102526
634	0.00396235760277
635	0.00544824170381
636	0.00619118375433
637	0.0284794452699
638	0.000247647350173
639	0.00272412085191
640	0.00569588905399
641	0.0163447251114
642	0.000495294700347
643	0.00594353640416
644	0.00619118375433
645	0.00718177315503
646	0.00321941555225
647	0.00470529965329
648	0.000495294700347
649	0.00123823675087
650	0.00544824170381
651	0.0180782565627
652	0.000990589400693
653	0.00693412580485
654	0.00817236255572
655	0.00148588410104
656	0.00074294205052
657	0.00173353145121
658	0.00594353640416
659	0.00594353640416
660	0.00074294205052
661	0.00594353640416
662	0.00594353640416
663	0.00222882615156
664	0.00421000495295
665	0.00445765230312
666	0.00445765230312
667	0.00074294205052
668	0.000247647350173
669	0.00842000990589
670	0.00569588905399
671	0.00123823675087
672	0.00198117880139
673	0.000990589400693
674	0.000247647350173
675	0.00569588905399
676	0.00445765230312
677	0.00544824170381
678	0.00643883110451
679	0.00173353145121
680	0.00668647845468
681	0.00569588905399
682	0.00321941555225
683	0.00817236255572
684	0.00495294700347
685	0.00421000495295
686	0.0421000495295
687	0.00693412580485
688	0.0111441307578
689	0.00198117880139
690	0.00222882615156
691	0.00148588410104
692	0.000247647350173
693	0.00346706290243
694	0.0133729569094
695	0.0101535413571
696	0.00767706785537
697	0.012877662209
698	0.0168400198118
699	0.000495294700347
700	0.00173353145121
701	0.00520059435364
702	0.00198117880139
703	0.0106488360575
704	0.00123823675087
705	0.017087667162
706	0.00445765230312
707	0.00247647350173
708	0.00718177315503
709	0.00421000495295
710	0.00198117880139
711	0.00495294700347
712	0.00321941555225
713	0.0175829618623
714	0.00346706290243
715	0.00247647350173
716	0.00297176820208
717	0.000990589400693
718	0.0074294205052
719	0.0158494304111
720	0.00445765230312
721	0.00123823675087
722	0.00346706290243
723	0.00297176820208
724	0.0116394254581
725	0.00198117880139
726	0.00891530460624
727	0.00643883110451
728	0.00941059930659
729	0.00321941555225
730	0.0037147102526
731	0.00643883110451
732	0.00346706290243
733	0.00198117880139
734	0.00569588905399
735	0.00123823675087
736	0.00346706290243
737	0.00396235760277
738	0.00619118375433
739	0.00718177315503
740	0.00198117880139
741	0.00421000495295
742	0.00297176820208
743	0.00074294205052
744	0.000495294700347
745	0.0141158989599
746	0.00222882615156
747	0.0141158989599
748	0.00470529965329
749	0.000495294700347
750	0.000495294700347
751	0.00297176820208
752	0.00941059930659
753	0.00321941555225
754	0.0074294205052
755	0.00470529965329
756	0.00247647350173
757	0.000990589400693
758	0.00495294700347
759	0.00247647350173
760	0.0074294205052
761	0.00198117880139
762	0.00321941555225
763	0.00346706290243
764	0.00693412580485
765	0.00346706290243
766	0.00866765725607
767	0.00198117880139
768	0.00346706290243
769	0.0037147102526
770	0.00668647845468
771	0.0037147102526
772	0.00445765230312
773	0.00891530460624
774	0.00916295195641
775	0.000495294700347
776	0.00222882615156
777	0.00445765230312
778	0.00396235760277
779	0.00445765230312
780	0.00842000990589
781	0.012877662209
782	0.00321941555225
783	0.00445765230312
784	0.00990589400693
785	0.00074294205052
786	0.00222882615156
787	0.00718177315503
788	0.000990589400693
789	0.00321941555225
790	0.000990589400693
791	0.00173353145121
792	0.00569588905399
793	0.00495294700347
794	0.00346706290243
795	0.00445765230312
796	0.00173353145121
797	0.00643883110451
798	0.00173353145121
799	0.00297176820208
800	0.00916295195641
801	0.000247647350173
802	0.00123823675087
803	0.00495294700347
804	0.00396235760277
805	0.0163447251114
806	0.0037147102526
807	0.00495294700347
808	0.00222882615156
809	0.00445765230312
810	0.00792471520555
811	0.00222882615156
812	0.00198117880139
813	0.00247647350173
814	0.00643883110451
815	0.00965824665676
816	0.00222882615156
817	0.00594353640416
818	0.00396235760277
819	0.00916295195641
820	0.00941059930659
821	0.00222882615156
822	0.0037147102526
823	0.0138682516097
824	0.0143635463101
825	0.00148588410104
826	0.00272412085191
827	0.0111441307578
828	0.0195641406637
829	0.00842000990589
830	0.0136206042595
831	0.0037147102526
832	0.000990589400693
833	0.0037147102526
834	0.0106488360575
835	0.00495294700347
836	0.00297176820208
837	0.00321941555225
838	0.00544824170381
839	0.0037147102526
840	0.00668647845468
841	0.000495294700347
842	0.00916295195641
843	0.00321941555225
844	0.00346706290243
845	0.00569588905399
846	0.00148588410104
847	0.00668647845468
848	0.00520059435364
849	0.0074294205052
850	0.00247647350173
851	0.000990589400693
852	0.000990589400693
853	0.0108964834076
854	0.00074294205052
855	0.000990589400693
856	0.00965824665676
857	0.00297176820208
858	0.00123823675087
859	0.000495294700347
860	0.000495294700347
861	0.00247647350173
862	0.00594353640416
863	0.00272412085191
864	0.00123823675087
865	0.000990589400693
866	0.00123823675087
867	0.00198117880139
868	0.000990589400693
869	0.00173353145121
870	0.00173353145121
871	0.00173353145121
872	0.00173353145121
873	0.00148588410104
874	0.00173353145121
875	0.000247647350173
876	0.00272412085191
877	0.000990589400693
878	0.00247647350173
879	0.00148588410104
880	0.00198117880139
881	0.00173353145121
882	0.00198117880139
883	0.000247647350173
884	0.000990589400693
885	0.00222882615156
886	0.00198117880139
887	0.00148588410104
888	0.00222882615156
889	0.00321941555225
890	0.00173353145121
891	0.000247647350173
892	0.000247647350173
893	0.000990589400693
894	0.000990589400693
895	0.00148588410104
896	0.0312035661218
897	0.0163447251114
898	0.00941059930659
899	0.00074294205052
900	0.00321941555225
901	0.00842000990589
902	0.011391778108
903	0.00842000990589
904	0.00074294205052
905	0.00421000495295
906	0.0193164933135
907	0.00321941555225
908	0.00792471520555
909	0.00297176820208
910	0.00123823675087
911	0.000247647350173
912	0.00222882615156
913	0.0108964834076
914	0.00396235760277
915	0.00866765725607
916	0.0364041604755
917	0.0321941555225
918	0.000247647350173
919	0.00718177315503
920	0.00321941555225
921	0.0262506191184
922	0.0074294205052
923	0.00198117880139
924	0.0111441307578
925	0.0413571074789
926	0.00520059435364
927	0.018573551263
928	0.00222882615156
929	0.00123823675087
930	0.012877662209
931	0.0037147102526
932	0.0156017830609
933	0.00619118375433
934	0.0203070827142
935	0.00173353145121
936	0.00916295195641
937	0.00173353145121
938	0.00718177315503
939	0.00421000495295
940	0.00421000495295
941	0.0133729569094
942	0.0160970777613
943	0.00297176820208
944	0.00916295195641
945	0.000990589400693
946	0.0411094601288
947	0.0284794452699
948	0.00941059930659
949	0.00569588905399
950	0.00247647350173
951	0.00495294700347
952	0.0208023774146
953	0.0269935611689
954	0.0136206042595
955	0.00247647350173
956	0.00247647350173
957	0.0160970777613
958	0.00594353640416
959	0.011391778108
960	0.0255076770679
961	0.00321941555225
962	0.00668647845468
963	0.00817236255572
964	0.00643883110451
965	0.00396235760277
966	0.0284794452699
967	0.0264982664685
968	0.00990589400693
969	0.00792471520555
970	0.0037147102526
971	0.00842000990589
972	0.00520059435364
973	0.00445765230312
974	0.00272412085191
975	0.0133729569094
976	0.00594353640416
977	0.00643883110451
978	0.025755324418
979	0.00247647350173
980	0.0316988608222
981	0.0116394254581
982	0.0168400198118
983	0.0153541357107
984	0.0104011887073
985	0.00173353145121
986	0.00272412085191
987	0.00148588410104
988	0.0101535413571
989	0.00866765725607
990	0.00718177315503
991	0.00470529965329
992	0.00767706785537
993	0.0381376919267
994	0.00668647845468
995	0.0163447251114
996	0.000990589400693
997	0.0237741456166
998	0.00222882615156
999	0.0190688459633
1000	0.00396235760277
1001	0.00965824665676
1002	0.000990589400693
1003	0.0235264982665
1004	0.0297176820208
1005	0.00346706290243
1006	0.0351659237246
1007	0.00396235760277
1008	0.00198117880139
1009	0.0141158989599
1010	0.00891530460624
1011	0.00792471520555
1012	0.00792471520555
1013	0.00297176820208
1014	0.0245170876672
1015	0.00891530460624
1016	0.00222882615156
1017	0.0368994551758
1018	0.0126300148588
1019	0.0143635463101
1020	0.0143635463101
1021	0.0151064883606
1022	0.000990589400693
1023	0.00222882615156
1024	0.0210500247647
1025	0.00718177315503
1026	0.0198117880139
1027	0.00074294205052
1028	0.0165923724616
1029	0.0195641406637
1030	0.00272412085191
1031	0.000990589400693
1032	0.0195641406637
1033	0.00421000495295
1034	0.00074294205052
1035	0.00643883110451
1036	0.0143635463101
1037	0.00916295195641
1038	0.00123823675087
1039	0.00668647845468
1040	0.0165923724616
1041	0.0118870728083
1042	0.0037147102526
1043	0.00297176820208
1044	0.00693412580485
1045	0.00297176820208
1046	0.00074294205052
1047	0.0160970777613
1048	0.0262506191184
1049	0.0203070827142
1050	0.00272412085191
1051	0.011391778108
1052	0.0156017830609
1053	0.00198117880139
1054	0.0133729569094
1055	0.00346706290243
1056	0.0160970777613
1057	0.00123823675087
1058	0.00173353145121
1059	0.0408618127786
1060	0.0126300148588
1061	0.00247647350173
1062	0.00544824170381
1063	0.00544824170381
1064	0.00668647845468
1065	0.000495294700347
1066	0.0168400198118
1067	0.0188211986132
1068	0.0121347201585
1069	0.00520059435364
1070	0.0193164933135
1071	0.00074294205052
1072	0.00643883110451
1073	0.00247647350173
1074	0.0156017830609
1075	0.0198117880139
1076	0.0351659237246
1077	0.0037147102526
1078	0.0453194650817
1079	0.0304606240713
1080	0.0148588410104
1081	0.0074294205052
1082	0.0141158989599
1083	0.0262506191184
1084	0.0037147102526
1085	0.0163447251114
1086	0.0507677067855
1087	0.00173353145121
1088	0.00346706290243
1089	0.00346706290243
1090	0.00321941555225
1091	0.00495294700347
1092	0.0123823675087
1093	0.00222882615156
1094	0.00272412085191
1095	0.00594353640416
1096	0.000247647350173
1097	0.00891530460624
1098	0.00569588905399
1099	0.0138682516097
1100	0.0158494304111
1101	0.0304606240713
1102	0.0126300148588
1103	0.00198117880139
1104	0.0269935611689
1105	0.000990589400693
1106	0.00668647845468
1107	0.0349182763744
1108	0.0106488360575
1109	0.00941059930659
1110	0.0173353145121
1111	0.00222882615156
1112	0.0133729569094
1113	0.0116394254581
1114	0.00941059930659
1115	0.00891530460624
1116	0.00718177315503
1117	0.0302129767211
1118	0.00866765725607
1119	0.000247647350173
1120	0.0126300148588
1121	0.00594353640416
1122	0.0121347201585
1123	0.0175829618623
1124	0.0321941555225
1125	0.0289747399703
1126	0.0490341753343
1127	0.00520059435364
1128	0.024269440317
1129	0.0148588410104
1130	0.0163447251114
1131	0.00792471520555
1132	0.0351659237246
1133	0.00148588410104
1134	0.00272412085191
1135	0.0168400198118
1136	0.00817236255572
1137	0.00718177315503
1138	0.00346706290243
1139	0.00594353640416
1140	0.00222882615156
1141	0.00445765230312
1142	0.00817236255572
1143	0.00346706290243
1144	0.00520059435364
1145	0.000247647350173
1146	0.0364041604755
1147	0.00123823675087
1148	0.0160970777613
1149	0.0252600297177
1150	0.00346706290243
1151	0.00148588410104
1152	0.00421000495295
1153	0.0344229816741
1154	0.00222882615156
1155	0.0111441307578
1156	0.0245170876672
1157	0.00123823675087
1158	0.0163447251114
1159	0.0151064883606
1160	0.0217929668153
1161	0.00470529965329
1162	0.00198117880139
1163	0.0247647350173
1164	0.00668647845468
1165	0.00643883110451
1166	0.0141158989599
1167	0.00693412580485
1168	0.00148588410104
1169	0.00470529965329
1170	0.00891530460624
1171	0.00594353640416
1172	0.0279841505696
1173	0.0284794452699
1174	0.00445765230312
1175	0.0326894502229
1176	0.000495294700347
1177	0.0037147102526
1178	0.00321941555225
1179	0.0111441307578
1180	0.0111441307578
1181	0.0220406141654
1182	0.0163447251114
1183	0.00842000990589
1184	0.0391282813274
1185	0.038632986627
1186	0.00421000495295
1187	0.00495294700347
1188	0.00792471520555
1189	0.00941059930659
1190	0.00965824665676
1191	0.0272412085191
1192	0.0240217929668
1193	0.00222882615156
1194	0.000990589400693
1195	0.0121347201585
1196	0.00643883110451
1197	0.0037147102526
1198	0.0205547300644
1199	0.0537394749876
1200	0.000990589400693
1201	0.0143635463101
1202	0.00222882615156
1203	0.00198117880139
1204	0.0264982664685
1205	0.0252600297177
1206	0.000247647350173
1207	0.0178306092125
1208	0.00074294205052
1209	0.0188211986132
1210	0.00990589400693
1211	0.04284299158
1212	0.00643883110451
1213	0.00495294700347
1214	0.0282317979198
1215	0.0106488360575
1216	0.00891530460624
1217	0.0116394254581
1218	0.00272412085191
1219	0.0133729569094
1220	0.00222882615156
1221	0.0175829618623
1222	0.0351659237246
1223	0.00544824170381
1224	0.000495294700347
1225	0.0074294205052
1226	0.00866765725607
1227	0.0208023774146
1228	0.00569588905399
1229	0.0116394254581
1230	0.0309559187717
1231	0.0183259039128
1232	0.00718177315503
1233	0.000495294700347
1234	0.0037147102526
1235	0.0264982664685
1236	0.0106488360575
1237	0.0148588410104
1238	0.0376423972263
1239	0.00222882615156
1240	0.00173353145121
1241	0.00495294700347
1242	0.0230312035661
1243	0.0277365032194
1244	0.00297176820208
1245	0.00990589400693
1246	0.00866765725607
1247	0.00594353640416
1248	0.00198117880139
1249	0.0037147102526
1250	0.0339276869737
1251	0.00297176820208
1252	0.00074294205052
1253	0.00074294205052
1254	0.00148588410104
1255	0.0307082714215
1256	0.0334323922734
1257	0.0136206042595
1258	0.0104011887073
1259	0.0116394254581
1260	0.00941059930659
1261	0.0168400198118
1262	0.000495294700347
1263	0.00148588410104
1264	0.00123823675087
1265	0.00767706785537
1266	0.00321941555225
1267	0.0297176820208
1268	0.00272412085191
1269	0.0312035661218
1270	0.000495294700347
1271	0.0237741456166
1272	0.0208023774146
1273	0.0158494304111
1274	0.00619118375433
1275	0.0141158989599
1276	0.000495294700347
1277	0.0307082714215
1278	0.00891530460624
1279	0.0108964834076
1280	0.0188211986132
1281	0.0101535413571
1282	0.0168400198118
1283	0.00792471520555
1284	0.0148588410104
1285	0.0136206042595
1286	0.00569588905399
1287	0.0163447251114
1288	0.0227835562159
1289	0.0210500247647
1290	0.0215453194651
1291	0.0279841505696
1292	0.0136206042595
1293	0.0118870728083
1294	0.00544824170381
1295	0.00123823675087
1296	0.00619118375433
1297	0.00148588410104
1298	0.0175829618623
1299	0.00767706785537
1300	0.00767706785537
1301	0.00148588410104
1302	0.0264982664685
1303	0.0118870728083
1304	0.00941059930659
1305	0.025755324418
1306	0.00643883110451
1307	0.00767706785537
1308	0.00495294700347
1309	0.0106488360575
1310	0.00668647845468
1311	0.00594353640416
1312	0.0198117880139
1313	0.00842000990589
1314	0.00643883110451
1315	0.0108964834076
1316	0.00792471520555
1317	0.00520059435364
1318	0.0101535413571
1319	0.00668647845468
1320	0.0158494304111
1321	0.00619118375433
1322	0.0222882615156
1323	0.0190688459633
1324	0.00990589400693
1325	0.00445765230312
1326	0.000495294700347
1327	0.0121347201585
1328	0.00495294700347
1329	0.0336800396236
1330	0.0302129767211
1331	0.0361565131253
1332	0.0104011887073
1333	0.00817236255572
1334	0.0247647350173
1335	0.0316988608222
1336	0.0136206042595
1337	0.00891530460624
1338	0.0168400198118
1339	0.0247647350173
1340	0.0156017830609
1341	0.0304606240713
1342	0.00247647350173
1343	0.00916295195641
1344	0.0225359088658
1345	0.0240217929668
1346	0.00123823675087
1347	0.0183259039128
1348	0.00916295195641
1349	0.0104011887073
1350	0.00817236255572
1351	0.0165923724616
1352	0.0579494799406
1353	0.00074294205052
1354	0.00123823675087
1355	0.00916295195641
1356	0.00495294700347
1357	0.00767706785537
1358	0.0190688459633
1359	0.0208023774146
1360	0.00916295195641
1361	0.0339276869737
1362	0.00074294205052
1363	0.00520059435364
1364	0.00297176820208
1365	0.0104011887073
1366	0.0163447251114
1367	0.0411094601288
1368	0.00247647350173
1369	0.0131253095592
1370	0.0277365032194
1371	0.00916295195641
1372	0.00173353145121
1373	0.0180782565627
1374	0.0104011887073
1375	0.0183259039128
1376	0.0450718177316
1377	0.0470529965329
1378	0.00792471520555
1379	0.0126300148588
1380	0.0210500247647
1381	0.00668647845468
1382	0.0101535413571
1383	0.000990589400693
1384	0.00297176820208
1385	0.0037147102526
1386	0.000247647350173
1387	0.00222882615156
1388	0.0208023774146
1389	0.011391778108
1390	0.0477959385835
1391	0.0433382862803
1392	0.00916295195641
1393	0.0131253095592
1394	0.000495294700347
1395	0.000495294700347
1396	0.0133729569094
1397	0.00396235760277
1398	0.0108964834076
1399	0.0440812283309
1400	0.00544824170381
1401	0.00297176820208
1402	0.0183259039128
1403	0.00222882615156
1404	0.0123823675087
1405	0.0123823675087
1406	0.00767706785537
1407	0.00916295195641
1408	0.00842000990589
1409	0.0262506191184
1410	0.00520059435364
1411	0.00247647350173
1412	0.00544824170381
1413	0.0148588410104
1414	0.00198117880139
1415	0.0074294205052
1416	0.0274888558692
1417	0.00123823675087
1418	0.00520059435364
1419	0.00594353640416
1420	0.0366518078257
1421	0.00594353640416
1422	0.00346706290243
1423	0.0151064883606
1424	0.00470529965329
1425	0.00842000990589
1426	0.0158494304111
1427	0.0163447251114
1428	0.00718177315503
1429	0.00941059930659
1430	0.000495294700347
1431	0.0544824170381
1432	0.0136206042595
1433	0.00569588905399
1434	0.0037147102526
1435	0.0138682516097
1436	0.0074294205052
1437	0.0138682516097
1438	0.00842000990589
1439	0.00520059435364
1440	0.00693412580485
1441	0.00396235760277
1442	0.00123823675087
1443	0.00222882615156
1444	0.00792471520555
1445	0.00222882615156
1446	0.00891530460624
1447	0.0351659237246
1448	0.012877662209
1449	0.0222882615156
1450	0.00569588905399
1451	0.00767706785537
1452	0.00842000990589
1453	0.00693412580485
1454	0.012877662209
1455	0.00123823675087
1456	0.0326894502229
1457	0.0153541357107
1458	0.00817236255572
1459	0.0252600297177
1460	0.011391778108
1461	0.00198117880139
1462	0.0208023774146
1463	0.00247647350173
1464	0.00643883110451
1465	0.0267459138187
1466	0.000247647350173
1467	0.0307082714215
1468	0.00767706785537
1469	0.0141158989599
1470	0.0175829618623
1471	0.0418524021793
1472	0.0222882615156
1473	0.0133729569094
1474	0.000990589400693
1475	0.0178306092125
1476	0.00123823675087
1477	0.00222882615156
1478	0.00421000495295
1479	0.0208023774146
1480	0.0230312035661
1481	0.00421000495295
1482	0.0121347201585
1483	0.0237741456166
1484	0.00544824170381
1485	0.0116394254581
1486	0.00123823675087
1487	0.0156017830609
1488	0.0334323922734
1489	0.00544824170381
1490	0.00222882615156
1491	0.0309559187717
1492	0.00321941555225
1493	0.00643883110451
1494	0.00643883110451
1495	0.0165923724616
1496	0.0118870728083
1497	0.00718177315503
1498	0.00148588410104
1499	0.00297176820208
1500	0.00718177315503
1501	0.00445765230312
1502	0.0173353145121
1503	0.00693412580485
1504	0.0143635463101
1505	0.0146111936602
1506	0.00198117880139
1507	0.00916295195641
1508	0.00817236255572
1509	0.0324418028727
1510	0.000990589400693
1511	0.0074294205052
1512	0.00842000990589
1513	0.012877662209
1514	0.00866765725607
1515	0.017087667162
1516	0.0393759286776
1517	0.00891530460624
1518	0.00346706290243
1519	0.00817236255572
1520	0.0289747399703
1521	0.00148588410104
1522	0.038632986627
1523	0.017087667162
1524	0.0101535413571
1525	0.0141158989599
1526	0.00544824170381
1527	0.00297176820208
1528	0.0173353145121
1529	0.0104011887073
1530	0.0260029717682
1531	0.00544824170381
1532	0.00965824665676
1533	0.00866765725607
1534	0.00817236255572
1535	0.0158494304111
1536	0.0203070827142
1537	0.00470529965329
1538	0.0178306092125
1539	0.0195641406637
1540	0.017087667162
1541	0.00817236255572
1542	0.0136206042595
1543	0.00817236255572
1544	0.0037147102526
1545	0.0106488360575
1546	0.00074294205052
1547	0.0302129767211
1548	0.00941059930659
1549	0.0121347201585
1550	0.00941059930659
1551	0.0423476968796
1552	0.00173353145121
1553	0.00916295195641
1554	0.0396235760277
1555	0.00866765725607
1556	0.00619118375433
1557	0.0373947498762
1558	0.000495294700347
1559	0.0460624071322
1560	0.000247647350173
1561	0.00619118375433
1562	0.00247647350173
1563	0.0277365032194
1564	0.00396235760277
1565	0.0108964834076
1566	0.00495294700347
1567	0.00817236255572
1568	0.00718177315503
1569	0.0118870728083
1570	0.0307082714215
1571	0.0148588410104
1572	0.0106488360575
1573	0.0220406141654
1574	0.0165923724616
1575	0.00495294700347
1576	0.0163447251114
1577	0.0421000495295
1578	0.00891530460624
1579	0.00123823675087
1580	0.0205547300644
1581	0.000247647350173
1582	0.0101535413571
1583	0.0240217929668
1584	0.0522535908866
1585	0.00495294700347
1586	0.00074294205052
1587	0.0131253095592
1588	0.00569588905399
1589	0.0507677067855
1590	0.0217929668153
1591	0.0235264982665
1592	0.00619118375433
1593	0.00792471520555
1594	0.00396235760277
1595	0.00965824665676
1596	0.0190688459633
1597	0.0277365032194
1598	0.0336800396236
1599	0.00272412085191
1600	0.0289747399703
1601	0.00792471520555
1602	0.00297176820208
1603	0.0359088657751
1604	0.0366518078257
1605	0.0222882615156
1606	0.00767706785537
1607	0.00123823675087
1608	0.0289747399703
1609	0.0227835562159
1610	0.044328875681
1611	0.0178306092125
1612	0.0470529965329
1613	0.0450718177316
1614	0.0175829618623
1615	0.00594353640416
1616	0.0123823675087
1617	0.0289747399703
1618	0.00594353640416
1619	0.0282317979198
1620	0.0316988608222
1621	0.0468053491828
1622	0.0438335809807
1623	0.0247647350173
1624	0.00866765725607
1625	0.00619118375433
1626	0.00916295195641
1627	0.00074294205052
1628	0.0203070827142
1629	0.00544824170381
1630	0.0165923724616
1631	0.00222882615156
1632	0.0195641406637
1633	0.00569588905399
1634	0.00941059930659
1635	0.00842000990589
1636	0.0190688459633
1637	0.0245170876672
1638	0.00842000990589
1639	0.0193164933135
1640	0.00198117880139
1641	0.00346706290243
1642	0.00693412580485
1643	0.0247647350173
1644	0.017087667162
1645	0.0138682516097
1646	0.00445765230312
1647	0.0123823675087
1648	0.00619118375433
1649	0.00866765725607
1650	0.00520059435364
1651	0.000990589400693
1652	0.020059435364
1653	0.0183259039128
1654	0.00173353145121
1655	0.0138682516097
1656	0.00842000990589
1657	0.00123823675087
1658	0.00470529965329
1659	0.0203070827142
1660	0.00594353640416
1661	0.0198117880139
1662	0.0361565131253
1663	0.0581971272907
1664	0.00148588410104
1665	0.031451213472
1666	0.00891530460624
1667	0.00668647845468
1668	0.0302129767211
1669	0.0339276869737
1670	0.00272412085191
1671	0.00792471520555
1672	0.00619118375433
1673	0.00990589400693
1674	0.00619118375433
1675	0.0289747399703
1676	0.00396235760277
1677	0.00891530460624
1678	0.00445765230312
1679	0.00668647845468
1680	0.0151064883606
1681	0.00619118375433
1682	0.00941059930659
1683	0.0304606240713
1684	0.196136701337
1685	0.0230312035661
1686	0.00866765725607
1687	0.0106488360575
1688	0.0235264982665
1689	0.0307082714215
1690	0.000495294700347
1691	0.0148588410104
1692	0.0123823675087
1693	0.00074294205052
1694	0.00842000990589
1695	0.0074294205052
1696	0.00297176820208
1697	0.00198117880139
1698	0.00470529965329
1699	0.0104011887073
1700	0.00421000495295
1701	0.00173353145121
1702	0.0111441307578
1703	0.0173353145121
1704	0.00619118375433
1705	0.00668647845468
1706	0.0104011887073
1707	0.0458147597821
1708	0.00247647350173
1709	0.0153541357107
1710	0.0037147102526
1711	0.00123823675087
1712	0.0260029717682
1713	0.000990589400693
1714	0.0463100544824
1715	0.0160970777613
1716	0.0148588410104
1717	0.0344229816741
1718	0.0383853392769
1719	0.00470529965329
1720	0.0121347201585
1721	0.0284794452699
1722	0.0138682516097
1723	0.0121347201585
1724	0.0146111936602
1725	0.0126300148588
1726	0.00520059435364
1727	0.00792471520555
1728	0.00792471520555
1729	0.0198117880139
1730	0.0559683011392
1731	0.00198117880139
1732	0.0118870728083
1733	0.00941059930659
1734	0.0121347201585
1735	0.0269935611689
1736	0.038632986627
1737	0.0195641406637
1738	0.00643883110451
1739	0.00346706290243
1740	0.00916295195641
1741	0.025755324418
1742	0.0195641406637
1743	0.00643883110451
1744	0.00916295195641
1745	0.00470529965329
1746	0.050024764735
1747	0.00544824170381
1748	0.00321941555225
1749	0.00321941555225
1750	0.0312035661218
1751	0.0123823675087
1752	0.0284794452699
1753	0.0203070827142
1754	0.0141158989599
1755	0.000495294700347
1756	0.00396235760277
1757	0.0324418028727
1758	0.00668647845468
1759	0.00148588410104
1760	0.00074294205052
1761	0.029965329371
1762	0.000990589400693
1763	0.00792471520555
1764	0.00619118375433
1765	0.0163447251114
1766	0.00990589400693
1767	0.00891530460624
1768	0.0517582961862
1769	0.00619118375433
1770	0.0116394254581
1771	0.00495294700347
1772	0.0151064883606
1773	0.00569588905399
1774	0.00990589400693
1775	0.00198117880139
1776	0.00123823675087
1777	0.00123823675087
1778	0.00941059930659
1779	0.00544824170381
1780	0.00495294700347
1781	0.00643883110451
1782	0.0165923724616
1783	0.029965329371
1784	0.00421000495295
1785	0.0074294205052
1786	0.0240217929668
1787	0.00941059930659
1788	0.00247647350173
1789	0.0255076770679
1790	0.00941059930659
1791	0.0324418028727
1792	0.00148588410104
1793	0.0359088657751
1794	0.0141158989599
1795	0.0220406141654
1796	0.0175829618623
1797	0.00123823675087
1798	0.00842000990589
1799	0.0376423972263
1800	0.0606736007925
1801	0.00569588905399
1802	0.00297176820208
1803	0.00619118375433
1804	0.0482912332838
1805	0.00544824170381
1806	0.00792471520555
1807	0.0126300148588
1808	0.00346706290243
1809	0.0279841505696
1810	0.0252600297177
1811	0.0156017830609
1812	0.0108964834076
1813	0.038632986627
1814	0.00247647350173
1815	0.00594353640416
1816	0.0324418028727
1817	0.0037147102526
1818	0.0074294205052
1819	0.0217929668153
1820	0.0165923724616
1821	0.00668647845468
1822	0.00297176820208
1823	0.031451213472
1824	0.0143635463101
1825	0.00718177315503
1826	0.0252600297177
1827	0.0497771173848
1828	0.0138682516097
1829	0.00396235760277
1830	0.00396235760277
1831	0.0104011887073
1832	0.011391778108
1833	0.0473006438831
1834	0.000247647350173
1835	0.0450718177316
1836	0.00619118375433
1837	0.00941059930659
1838	0.00148588410104
1839	0.0408618127786
1840	0.00247647350173
1841	0.0121347201585
1842	0.0294700346706
1843	0.00990589400693
1844	0.0173353145121
1845	0.0250123823675
1846	0.00941059930659
1847	0.00643883110451
1848	0.00891530460624
1849	0.0294700346706
1850	0.00718177315503
1851	0.0104011887073
1852	0.00544824170381
1853	0.00297176820208
1854	0.000495294700347
1855	0.00148588410104
1856	0.000990589400693
1857	0.0180782565627
1858	0.00718177315503
1859	0.011391778108
1860	0.00421000495295
1861	0.0245170876672
1862	0.0133729569094
1863	0.0121347201585
1864	0.0264982664685
1865	0.00198117880139
1866	0.00767706785537
1867	0.0304606240713
1868	0.029965329371
1869	0.0037147102526
1870	0.00569588905399
1871	0.0203070827142
1872	0.0123823675087
1873	0.0101535413571
1874	0.00321941555225
1875	0.00693412580485
1876	0.0138682516097
1877	0.0158494304111
1878	0.00866765725607
1879	0.037147102526
1880	0.00792471520555
1881	0.0131253095592
1882	0.0126300148588
1883	0.00445765230312
1884	0.00792471520555
1885	0.00693412580485
1886	0.0260029717682
1887	0.00272412085191
1888	0.062902426944
1889	0.0037147102526
1890	0.00148588410104
1891	0.0175829618623
1892	0.00297176820208
1893	0.0205547300644
1894	0.0156017830609
1895	0.00916295195641
1896	0.00222882615156
1897	0.00891530460624
1898	0.0250123823675
1899	0.0195641406637
1900	0.00643883110451
1901	0.00346706290243
1902	0.0321941555225
1903	0.00990589400693
1904	0.0074294205052
1905	0.00272412085191
1906	0.00544824170381
1907	0.0074294205052
1908	0.00247647350173
1909	0.0101535413571
1910	0.00767706785537
1911	0.00965824665676
1912	0.186973749381
1913	0.00470529965329
1914	0.0116394254581
1915	0.00272412085191
1916	0.0195641406637
1917	0.0470529965329
1918	0.0398712233779
1919	0.0136206042595
1920	0.0304606240713
1921	0.00990589400693
1922	0.0037147102526
1923	0.0138682516097
1924	0.00148588410104
1925	0.0309559187717
1926	0.0331847449232
1927	0.0136206042595
1928	0.00569588905399
1929	0.0373947498762
1930	0.00321941555225
1931	0.00965824665676
1932	0.0235264982665
1933	0.00272412085191
1934	0.00297176820208
1935	0.0123823675087
1936	0.00544824170381
1937	0.000990589400693
1938	0.0468053491828
1939	0.0195641406637
1940	0.0230312035661
1941	0.0552253590887
1942	0.00965824665676
1943	0.0475482912333
1944	0.00718177315503
1945	0.0361565131253
1946	0.0473006438831
1947	0.0297176820208
1948	0.0267459138187
1949	0.00198117880139
1950	0.00297176820208
1951	0.0158494304111
1952	0.00421000495295
1953	0.0304606240713
1954	0.0230312035661
1955	0.0227835562159
1956	0.00198117880139
1957	0.00965824665676
1958	0.00842000990589
1959	0.0297176820208
1960	0.0106488360575
1961	0.00173353145121
1962	0.0463100544824
1963	0.0212976721149
1964	0.0237741456166
1965	0.00495294700347
1966	0.0425953442298
1967	0.000495294700347
1968	0.00866765725607
1969	0.000990589400693
1970	0.0178306092125
1971	0.0435859336305
1972	0.0173353145121
1973	0.0160970777613
1974	0.00173353145121
1975	0.00891530460624
1976	0.00965824665676
1977	0.00222882615156
1978	0.0037147102526
1979	0.0435859336305
1980	0.0141158989599
1981	0.0136206042595
1982	0.00470529965329
1983	0.0492818226845
1984	0.0440812283309
1985	0.0554730064388
1986	0.0378900445765
1987	0.00891530460624
1988	0.00594353640416
1989	0.0215453194651
1990	0.00495294700347
1991	0.0121347201585
1992	0.0037147102526
1993	0.0502724120852
1994	0.0158494304111
1995	0.0156017830609
1996	0.000990589400693
1997	0.0334323922734
1998	0.0133729569094
1999	0.00842000990589
2000	0.00817236255572
2001	0.0148588410104
2002	0.0210500247647
2003	0.0118870728083
2004	0.0123823675087
2005	0.0383853392769
2006	0.012877662209
2007	0.0423476968796
2008	0.00173353145121
2009	0.0111441307578
2010	0.0208023774146
2011	0.00990589400693
2012	0.0037147102526
2013	0.00222882615156
2014	0.00247647350173
2015	0.00123823675087
2016	0.00445765230312
2017	0.00173353145121
2018	0.0136206042595
2019	0.00470529965329
2020	0.0391282813274
2021	0.00767706785537
2022	0.0123823675087
2023	0.00619118375433
2024	0.0131253095592
2025	0.0074294205052
2026	0.0237741456166
2027	0.0108964834076
2028	0.0262506191184
2029	0.00842000990589
2030	0.0463100544824
2031	0.0131253095592
2032	0.0364041604755
2033	0.04284299158
2034	0.00198117880139
2035	0.0074294205052
2036	0.00520059435364
2037	0.04284299158
2038	0.0304606240713
2039	0.0277365032194
2040	0.0376423972263
2041	0.00198117880139
2042	0.0237741456166
2043	0.0430906389302
2044	0.00619118375433
2045	0.0435859336305
2046	0.0304606240713
2047	0.0507677067855
2048	0.00421000495295
2049	0.00916295195641
2050	0.00569588905399
2051	0.00222882615156
2052	0.0262506191184
2053	0.0284794452699
2054	0.0403665180783
2055	0.0180782565627
2056	0.0284794452699
2057	0.0104011887073
2058	0.0188211986132
2059	0.0477959385835
2060	0.0262506191184
2061	0.0118870728083
2062	0.0188211986132
2063	0.0349182763744
2064	0.0460624071322
2065	0.00643883110451
2066	0.00222882615156
2067	0.00817236255572
2068	0.0349182763744
2069	0.0416047548291
2070	0.00321941555225
2071	0.0304606240713
2072	0.0319465081724
2073	0.0482912332838
2074	0.0401188707281
2075	0.0118870728083
2076	0.00421000495295
2077	0.0312035661218
2078	0.0505200594354
2079	0.000247647350173
2080	0.00222882615156
2081	0.0425953442298
2082	0.00445765230312
2083	0.0364041604755
2084	0.0349182763744
2085	0.0074294205052
2086	0.0336800396236
2087	0.038632986627
2088	0.0490341753343
2089	0.00569588905399
2090	0.0468053491828
2091	0.00842000990589
2092	0.0106488360575
2093	0.0438335809807
2094	0.00173353145121
2095	0.0381376919267
2096	0.00520059435364
2097	0.00941059930659
2098	0.0289747399703
2099	0.00396235760277
2100	0.00148588410104
2101	0.0175829618623
2102	0.0326894502229
2103	0.0455671124319
2104	0.0448241703814
2105	0.00272412085191
2106	0.000990589400693
2107	0.00916295195641
2108	0.0406141654284
2109	0.0334323922734
2110	0.0106488360575
2111	0.0455671124319
2112	0.0396235760277
2113	0.00247647350173
2114	0.0037147102526
2115	0.0336800396236
2116	0.0160970777613
2117	0.0351659237246
2118	0.0465577018326
2119	0.0037147102526
2120	0.00569588905399
2121	0.0391282813274
2122	0.0361565131253
2123	0.0502724120852
2124	0.0418524021793
2125	0.029965329371
2126	0.0133729569094
2127	0.0277365032194
2128	0.0227835562159
2129	0.00941059930659
2130	0.00272412085191
2131	0.0490341753343
2132	0.0232788509163
2133	0.0393759286776
2134	0.0210500247647
2135	0.0217929668153
2136	0.0183259039128
2137	0.0121347201585
2138	0.0341753343239
2139	0.0440812283309
2140	0.0423476968796
2141	0.00594353640416
2142	0.0547300643883
2143	0.0252600297177
2144	0.0193164933135
2145	0.0106488360575
2146	0.00594353640416
2147	0.0101535413571
2148	0.0222882615156
2149	0.0316988608222
2150	0.0475482912333
2151	0.0212976721149
2152	0.00445765230312
2153	0.0344229816741
2154	0.0396235760277
2155	0.0101535413571
2156	0.00668647845468
2157	0.00965824665676
2158	0.00247647350173
2159	0.0118870728083
2160	0.00594353640416
2161	0.0203070827142
2162	0.0037147102526
2163	0.00767706785537
2164	0.0227835562159
2165	0.0316988608222
2166	0.00222882615156
2167	0.00123823675087
2168	0.00074294205052
2169	0.0269935611689
2170	0.00445765230312
2171	0.0163447251114
2172	0.0477959385835
2173	0.0074294205052
2174	0.0297176820208
2175	0.00198117880139
2176	0.0289747399703
2177	0.00272412085191
2178	0.00074294205052
2179	0.0232788509163
2180	0.0282317979198
2181	0.00421000495295
2182	0.00198117880139
2183	0.0331847449232
2184	0.0460624071322
2185	0.00421000495295
2186	0.00445765230312
2187	0.0366518078257
2188	0.0480435859336
2189	0.0279841505696
2190	0.0416047548291
2191	0.0217929668153
2192	0.0101535413571
2193	0.00346706290243
2194	0.0269935611689
2195	0.000247647350173
2196	0.0272412085191
2197	0.00544824170381
2198	0.0136206042595
2199	0.0433382862803
2200	0.04284299158
2201	0.0470529965329
2202	0.0121347201585
2203	0.0247647350173
2204	0.000990589400693
2205	0.00346706290243
2206	0.0520059435364
2207	0.00544824170381
2208	0.00544824170381
2209	0.00891530460624
2210	0.024269440317
2211	0.0133729569094
2212	0.0346706290243
2213	0.0255076770679
2214	0.00668647845468
2215	0.0143635463101
2216	0.0329370975731
2217	0.00321941555225
2218	0.0507677067855
2219	0.00123823675087
2220	0.0482912332838
2221	0.0101535413571
2222	0.011391778108
2223	0.0287270926201
2224	0.0319465081724
2225	0.0104011887073
2226	0.0126300148588
2227	0.00173353145121
2228	0.00792471520555
2229	0.0512630014859
2230	0.00123823675087
2231	0.00891530460624
2232	0.0175829618623
2233	0.0549777117385
2234	0.00718177315503
2235	0.0173353145121
2236	0.00916295195641
2237	0.0307082714215
2238	0.00321941555225
2239	0.0108964834076
2240	0.0497771173848
2241	0.0294700346706
2242	0.00990589400693
2243	0.0146111936602
2244	0.0495294700347
2245	0.00173353145121
2246	0.0235264982665
2247	0.0302129767211
2248	0.00445765230312
2249	0.00470529965329
2250	0.0269935611689
2251	0.00222882615156
2252	0.00247647350173
2253	0.0388806339772
2254	0.0222882615156
2255	0.00247647350173
2256	0.00173353145121
2257	0.0383853392769
2258	0.0121347201585
2259	0.0136206042595
2260	0.00495294700347
2261	0.0319465081724
2262	0.00346706290243
2263	0.00173353145121
2264	0.018573551263
2265	0.00272412085191
2266	0.0579494799406
2267	0.0205547300644
2268	0.0321941555225
2269	0.000247647350173
2270	0.0037147102526
2271	0.0445765230312
2272	0.00718177315503
2273	0.0225359088658
2274	0.00866765725607
2275	0.0458147597821
2276	0.0381376919267
2277	0.00396235760277
2278	0.0430906389302
2279	0.0319465081724
2280	0.0146111936602
2281	0.00222882615156
2282	0.0381376919267
2283	0.0398712233779
2284	0.0138682516097
2285	0.0136206042595
2286	0.00594353640416
2287	0.0168400198118
2288	0.00520059435364
2289	0.0396235760277
2290	0.0455671124319
2291	0.00421000495295
2292	0.0351659237246
2293	0.0133729569094
2294	0.0302129767211
2295	0.00569588905399
2296	0.00842000990589
2297	0.00941059930659
2298	0.00421000495295
2299	0.0383853392769
2300	0.0302129767211
2301	0.00247647350173
2302	0.0304606240713
2303	0.00718177315503
2304	0.0163447251114
2305	0.00396235760277
2306	0.0279841505696
2307	0.0349182763744
2308	0.038632986627
2309	0.0492818226845
2310	0.00569588905399
2311	0.0126300148588
2312	0.00396235760277
2313	0.0210500247647
2314	0.00470529965329
2315	0.0180782565627
2316	0.00247647350173
2317	0.00891530460624
2318	0.00916295195641
2319	0.0302129767211
2320	0.00396235760277
2321	0.00173353145121
2322	0.011391778108
2323	0.0453194650817
2324	0.0487865279842
2325	0.0195641406637
2326	0.0445765230312
2327	0.0309559187717
2328	0.0411094601288
2329	0.0307082714215
2330	0.0118870728083
2331	0.0470529965329
2332	0.0255076770679
2333	0.0396235760277
2334	0.0344229816741
2335	0.00842000990589
2336	0.037147102526
2337	0.00866765725607
2338	0.0269935611689
2339	0.0450718177316
2340	0.0490341753343
2341	0.00643883110451
2342	0.00693412580485
2343	0.0195641406637
2344	0.029965329371
2345	0.012877662209
2346	0.00891530460624
2347	0.0720653789004
2348	0.0373947498762
2349	0.00445765230312
2350	0.00693412580485
2351	0.0272412085191
2352	0.0416047548291
2353	0.0212976721149
2354	0.0438335809807
2355	0.0074294205052
2356	0.0425953442298
2357	0.00321941555225
2358	0.00148588410104
2359	0.0364041604755
2360	0.00297176820208
2361	0.0111441307578
2362	0.00619118375433
2363	0.0413571074789
2364	0.0160970777613
2365	0.0136206042595
2366	0.00891530460624
2367	0.0123823675087
2368	0.0195641406637
2369	0.0487865279842
2370	0.0391282813274
2371	0.00891530460624
2372	0.0260029717682
2373	0.00297176820208
2374	0.0416047548291
2375	0.00148588410104
2376	0.044328875681
2377	0.0232788509163
2378	0.0123823675087
2379	0.00891530460624
2380	0.00074294205052
2381	0.0435859336305
2382	0.000495294700347
2383	0.00594353640416
2384	0.0465577018326
2385	0.0141158989599
2386	0.0344229816741
2387	0.0123823675087
2388	0.00148588410104
2389	0.00693412580485
2390	0.0121347201585
2391	0.0178306092125
2392	0.0227835562159
2393	0.00792471520555
2394	0.0235264982665
2395	0.044328875681
2396	0.017087667162
2397	0.00866765725607
2398	0.0267459138187
2399	0.0190688459633
2400	0.00470529965329
2401	0.00520059435364
2402	0.0037147102526
2403	0.00421000495295
2404	0.0421000495295
2405	0.00495294700347
2406	0.00891530460624
2407	0.0220406141654
2408	0.0378900445765
2409	0.0440812283309
2410	0.0512630014859
2411	0.00792471520555
2412	0.00767706785537
2413	0.00421000495295
2414	0.0453194650817
2415	0.0101535413571
2416	0.00916295195641
2417	0.0173353145121
2418	0.0289747399703
2419	0.0269935611689
2420	0.020059435364
2421	0.00198117880139
2422	0.00123823675087
2423	0.0408618127786
2424	0.00272412085191
2425	0.00891530460624
2426	0.00445765230312
2427	0.00619118375433
2428	0.0473006438831
2429	0.0212976721149
2430	0.0361565131253
2431	0.00123823675087
2432	0.00693412580485
2433	0.0364041604755
2434	0.0225359088658
2435	0.00668647845468
2436	0.0232788509163
2437	0.00123823675087
2438	0.0168400198118
2439	0.00247647350173
2440	0.00842000990589
2441	0.000990589400693
2442	0.00074294205052
2443	0.00569588905399
2444	0.00396235760277
2445	0.0173353145121
2446	0.0398712233779
2447	0.0121347201585
2448	0.00817236255572
2449	0.011391778108
2450	0.00297176820208
2451	0.0269935611689
2452	0.00247647350173
2453	0.00346706290243
2454	0.00396235760277
2455	0.00396235760277
2456	0.00198117880139
2457	0.000247647350173
2458	0.0245170876672
2459	0.011391778108
2460	0.0418524021793
2461	0.0307082714215
2462	0.0237741456166
2463	0.0312035661218
2464	0.050024764735
2465	0.0148588410104
2466	0.00272412085191
2467	0.0321941555225
2468	0.0438335809807
2469	0.0334323922734
2470	0.000247647350173
2471	0.0326894502229
2472	0.0190688459633
2473	0.0121347201585
2474	0.00643883110451
2475	0.0240217929668
2476	0.00891530460624
2477	0.0279841505696
2478	0.0230312035661
2479	0.011391778108
2480	0.00668647845468
2481	0.00074294205052
2482	0.0396235760277
2483	0.00074294205052
2484	0.0312035661218
2485	0.0339276869737
2486	0.00445765230312
2487	0.00222882615156
2488	0.00965824665676
2489	0.0267459138187
2490	0.0037147102526
2491	0.029965329371
2492	0.0440812283309
2493	0.00148588410104
2494	0.00965824665676
2495	0.0359088657751
2496	0.00544824170381
2497	0.00619118375433
2498	0.0232788509163
2499	0.0230312035661
2500	0.0448241703814
2501	0.0188211986132
2502	0.0106488360575
2503	0.00396235760277
2504	0.0373947498762
2505	0.00123823675087
2506	0.0307082714215
2507	0.0497771173848
2508	0.024269440317
2509	0.0331847449232
2510	0.0341753343239
2511	0.0346706290243
2512	0.0260029717682
2513	0.0037147102526
2514	0.00222882615156
2515	0.00321941555225
2516	0.0217929668153
2517	0.00148588410104
2518	0.0118870728083
2519	0.00866765725607
2520	0.0408618127786
2521	0.0349182763744
2522	0.00346706290243
2523	0.00421000495295
2524	0.00321941555225
2525	0.00866765725607
2526	0.0473006438831
2527	0.000990589400693
2528	0.00173353145121
2529	0.00891530460624
2530	0.00718177315503
2531	0.00569588905399
2532	0.0262506191184
2533	0.0245170876672
2534	0.00445765230312
2535	0.00272412085191
2536	0.0156017830609
2537	0.0235264982665
2538	0.0138682516097
2539	0.0346706290243
2540	0.00767706785537
2541	0.000495294700347
2542	0.048538880634
2543	0.072808320951
2544	0.0074294205052
2545	0.00222882615156
2546	0.035661218425
2547	0.0133729569094
2548	0.00198117880139
2549	0.0398712233779
2550	0.0401188707281
2551	0.0391282813274
2552	0.0277365032194
2553	0.04284299158
2554	0.0230312035661
2555	0.0334323922734
2556	0.0324418028727
2557	0.00767706785537
2558	0.00544824170381
2559	0.0408618127786
2560	0.0497771173848
2561	0.0383853392769
2562	0.00346706290243
2563	0.0272412085191
2564	0.0465577018326
2565	0.000990589400693
2566	0.00643883110451
2567	0.0287270926201
2568	0.00272412085191
2569	0.000247647350173
2570	0.00520059435364
2571	0.0074294205052
2572	0.00470529965329
2573	0.0376423972263
2574	0.0255076770679
2575	0.0349182763744
2576	0.0111441307578
2577	0.00495294700347
2578	0.0406141654284
2579	0.0287270926201
2580	0.00148588410104
2581	0.00594353640416
2582	0.0250123823675
2583	0.011391778108
2584	0.0037147102526
2585	0.00990589400693
2586	0.0463100544824
2587	0.00470529965329
2588	0.0225359088658
2589	0.0195641406637
2590	0.0487865279842
2591	0.0237741456166
2592	0.0309559187717
2593	0.0458147597821
2594	0.0232788509163
2595	0.00074294205052
2596	0.000247647350173
2597	0.0260029717682
2598	0.0406141654284
2599	0.00346706290243
2600	0.0450718177316
2601	0.0470529965329
2602	0.0490341753343
2603	0.0168400198118
2604	0.048538880634
2605	0.00421000495295
2606	0.018573551263
2607	0.0482912332838
2608	0.0245170876672
2609	0.0121347201585
2610	0.0126300148588
2611	0.0512630014859
2612	0.00693412580485
2613	0.00767706785537
2614	0.00421000495295
2615	0.0458147597821
2616	0.0247647350173
2617	0.0282317979198
2618	0.00569588905399
2619	0.0406141654284
2620	0.0136206042595
2621	0.00148588410104
2622	0.00520059435364
2623	0.0321941555225
2624	0.0465577018326
2625	0.0460624071322
2626	0.00842000990589
2627	0.0101535413571
2628	0.00693412580485
2629	0.031451213472
2630	0.04284299158
2631	0.0287270926201
2632	0.00173353145121
2633	0.0101535413571
2634	0.00123823675087
2635	0.00495294700347
2636	0.00941059930659
2637	0.00866765725607
2638	0.0411094601288
2639	0.00916295195641
2640	0.0138682516097
2641	0.00470529965329
2642	0.031451213472
2643	0.0247647350173
2644	0.00668647845468
2645	0.0133729569094
2646	0.0334323922734
2647	0.0118870728083
2648	0.0118870728083
2649	0.0302129767211
2650	0.00445765230312
2651	0.00173353145121
2652	0.0121347201585
2653	0.0178306092125
2654	0.0373947498762
2655	0.0416047548291
2656	0.00396235760277
2657	0.012877662209
2658	0.00891530460624
2659	0.0143635463101
2660	0.00941059930659
2661	0.0245170876672
2662	0.00916295195641
2663	0.00643883110451
2664	0.0205547300644
2665	0.0123823675087
2666	0.0151064883606
2667	0.00495294700347
2668	0.00842000990589
2669	0.0240217929668
2670	0.00470529965329
2671	0.00148588410104
2672	0.00916295195641
2673	0.00718177315503
2674	0.0173353145121
2675	0.00941059930659
2676	0.0205547300644
2677	0.0037147102526
2678	0.00222882615156
2679	0.0230312035661
2680	0.0131253095592
2681	0.0111441307578
2682	0.00396235760277
2683	0.0193164933135
2684	0.00693412580485
2685	0.00297176820208
2686	0.00594353640416
2687	0.00520059435364
2688	0.00272412085191
2689	0.0165923724616
2690	0.00767706785537
2691	0.00074294205052
2692	0.00123823675087
2693	0.00445765230312
2694	0.0230312035661
2695	0.00272412085191
2696	0.00470529965329
2697	0.00396235760277
2698	0.017087667162
2699	0.00321941555225
2700	0.0037147102526
2701	0.00643883110451
2702	0.00594353640416
2703	0.00445765230312
2704	0.000495294700347
2705	0.00668647845468
2706	0.0165923724616
2707	0.0037147102526
2708	0.00842000990589
2709	0.00297176820208
2710	0.00321941555225
2711	0.00767706785537
2712	0.0108964834076
2713	0.00767706785537
2714	0.00074294205052
2715	0.00792471520555
2716	0.0235264982665
2717	0.0133729569094
2718	0.00916295195641
2719	0.0247647350173
2720	0.0121347201585
2721	0.00148588410104
2722	0.00074294205052
2723	0.00297176820208
2724	0.0173353145121
2725	0.00198117880139
2726	0.00421000495295
2727	0.00321941555225
2728	0.00941059930659
2729	0.0156017830609
2730	0.0220406141654
2731	0.00718177315503
2732	0.00198117880139
2733	0.00594353640416
2734	0.00643883110451
2735	0.00470529965329
2736	0.00123823675087
2737	0.00520059435364
2738	0.0205547300644
2739	0.00767706785537
2740	0.000495294700347
2741	0.0141158989599
2742	0.0287270926201
2743	0.0126300148588
2744	0.00321941555225
2745	0.00817236255572
2746	0.0037147102526
2747	0.00321941555225
2748	0.018573551263
2749	0.0131253095592
2750	0.0210500247647
2751	0.00866765725607
2752	0.00173353145121
2753	0.012877662209
2754	0.0302129767211
2755	0.0220406141654
2756	0.0111441307578
2757	0.0205547300644
2758	0.011391778108
2759	0.00544824170381
2760	0.00272412085191
2761	0.00693412580485
2762	0.00520059435364
2763	0.0156017830609
2764	0.00619118375433
2765	0.0116394254581
2766	0.00321941555225
2767	0.00148588410104
2768	0.00693412580485
2769	0.00297176820208
2770	0.0101535413571
2771	0.00346706290243
2772	0.00842000990589
2773	0.0141158989599
2774	0.00148588410104
2775	0.00668647845468
2776	0.00148588410104
2777	0.0205547300644
2778	0.0235264982665
2779	0.00470529965329
2780	0.0146111936602
2781	0.0163447251114
2782	0.024269440317
2783	0.00817236255572
2784	0.00693412580485
2785	0.0108964834076
2786	0.0252600297177
2787	0.0121347201585
2788	0.000495294700347
2789	0.00470529965329
2790	0.00222882615156
2791	0.00297176820208
2792	0.00074294205052
2793	0.0245170876672
2794	0.00470529965329
2795	0.00594353640416
2796	0.0148588410104
2797	0.00668647845468
2798	0.00074294205052
2799	0.00198117880139
2800	0.0203070827142
2801	0.00247647350173
2802	0.00247647350173
2803	0.00544824170381
2804	0.00222882615156
2805	0.00198117880139
2806	0.0123823675087
2807	0.00544824170381
2808	0.00074294205052
2809	0.00470529965329
2810	0.0143635463101
2811	0.00173353145121
2812	0.00619118375433
2813	0.00668647845468
2814	0.000495294700347
2815	0.0141158989599
2816	0.00272412085191
2817	0.00123823675087
2818	0.00396235760277
2819	0.00594353640416
2820	0.0037147102526
2821	0.00321941555225
2822	0.00346706290243
2823	0.00941059930659
2824	0.00148588410104
2825	0.00495294700347
2826	0.00247647350173
2827	0.018573551263
2828	0.0193164933135
2829	0.00693412580485
2830	0.00544824170381
2831	0.00445765230312
2832	0.0074294205052
2833	0.0203070827142
2834	0.00222882615156
2835	0.0108964834076
2836	0.00767706785537
2837	0.00346706290243
2838	0.000990589400693
2839	0.0339276869737
2840	0.00817236255572
2841	0.00767706785537
2842	0.000247647350173
2843	0.00718177315503
2844	0.00718177315503
2845	0.00643883110451
2846	0.00668647845468
2847	0.00297176820208
2848	0.00520059435364
2849	0.020059435364
2850	0.00817236255572
2851	0.00544824170381
2852	0.00272412085191
2853	0.0153541357107
2854	0.00891530460624
2855	0.000990589400693
2856	0.00445765230312
2857	0.000495294700347
2858	0.00421000495295
2859	0.00495294700347
2860	0.00074294205052
2861	0.00272412085191
2862	0.0175829618623
2863	0.025755324418
2864	0.018573551263
2865	0.00965824665676
2866	0.0193164933135
2867	0.0198117880139
2868	0.00520059435364
2869	0.0173353145121
2870	0.00544824170381
2871	0.0104011887073
2872	0.0188211986132
2873	0.0180782565627
2874	0.0116394254581
2875	0.012877662209
2876	0.00346706290243
2877	0.025755324418
2878	0.00272412085191
2879	0.00396235760277
2880	0.0163447251114
2881	0.0111441307578
2882	0.00247647350173
2883	0.0037147102526
2884	0.00148588410104
2885	0.000990589400693
2886	0.00247647350173
2887	0.00990589400693
2888	0.0037147102526
2889	0.00470529965329
2890	0.0217929668153
2891	0.00544824170381
2892	0.00718177315503
2893	0.00198117880139
2894	0.0151064883606
2895	0.00222882615156
2896	0.0123823675087
2897	0.0133729569094
2898	0.00198117880139
2899	0.00148588410104
2900	0.00272412085191
2901	0.0190688459633
2902	0.00173353145121
2903	0.00198117880139
2904	0.0178306092125
2905	0.0183259039128
2906	0.0227835562159
2907	0.00792471520555
2908	0.00668647845468
2909	0.0190688459633
2910	0.0205547300644
2911	0.017087667162
2912	0.0151064883606
2913	0.018573551263
2914	0.0101535413571
2915	0.0225359088658
2916	0.0215453194651
2917	0.00445765230312
2918	0.00495294700347
2919	0.0173353145121
2920	0.0183259039128
2921	0.00990589400693
2922	0.00074294205052
2923	0.00396235760277
2924	0.00990589400693
2925	0.0195641406637
2926	0.00247647350173
2927	0.0227835562159
2928	0.0212976721149
2929	0.0118870728083
2930	0.00198117880139
2931	0.0131253095592
2932	0.00990589400693
2933	0.00346706290243
2934	0.00495294700347
2935	0.00297176820208
2936	0.0148588410104
2937	0.0156017830609
2938	0.00495294700347
2939	0.017087667162
2940	0.0158494304111
2941	0.00272412085191
2942	0.00247647350173
2943	0.0203070827142
2944	0.0262506191184
2945	0.0133729569094
2946	0.0146111936602
2947	0.00421000495295
2948	0.00520059435364
2949	0.00495294700347
2950	0.0118870728083
2951	0.0252600297177
2952	0.00074294205052
2953	0.00842000990589
2954	0.00321941555225
2955	0.0108964834076
2956	0.0237741456166
2957	0.00346706290243
2958	0.0104011887073
2959	0.00421000495295
2960	0.0227835562159
2961	0.00272412085191
2962	0.00470529965329
2963	0.000990589400693
2964	0.00445765230312
2965	0.00421000495295
2966	0.0264982664685
2967	0.00544824170381
2968	0.00321941555225
2969	0.0175829618623
2970	0.0108964834076
2971	0.000990589400693
2972	0.00421000495295
2973	0.0180782565627
2974	0.0146111936602
2975	0.00074294205052
2976	0.0101535413571
2977	0.00817236255572
2978	0.00619118375433
2979	0.00445765230312
2980	0.00123823675087
2981	0.00569588905399
2982	0.0037147102526
2983	0.00421000495295
2984	0.00594353640416
2985	0.0148588410104
2986	0.0247647350173
2987	0.00668647845468
2988	0.0156017830609
2989	0.0143635463101
2990	0.00321941555225
2991	0.0151064883606
2992	0.0178306092125
2993	0.0138682516097
2994	0.0160970777613
2995	0.0037147102526
2996	0.00965824665676
2997	0.00346706290243
2998	0.00074294205052
2999	0.0074294205052
3000	0.0225359088658
3001	0.00866765725607
3002	0.0178306092125
3003	0.000990589400693
3004	0.0131253095592
3005	0.0106488360575
3006	0.000495294700347
3007	0.00594353640416
3008	0.00396235760277
3009	0.00470529965329
3010	0.00792471520555
3011	0.0104011887073
3012	0.00272412085191
3013	0.00594353640416
3014	0.0106488360575
3015	0.00247647350173
3016	0.00718177315503
3017	0.0173353145121
3018	0.0074294205052
3019	0.0173353145121
3020	0.00916295195641
3021	0.0123823675087
3022	0.0198117880139
3023	0.00866765725607
3024	0.00346706290243
3025	0.0133729569094
3026	0.0237741456166
3027	0.0163447251114
3028	0.00297176820208
3029	0.012877662209
3030	0.00198117880139
3031	0.000247647350173
3032	0.00544824170381
3033	0.0217929668153
3034	0.0106488360575
3035	0.0222882615156
3036	0.00941059930659
3037	0.00074294205052
3038	0.0217929668153
3039	0.00544824170381
3040	0.0126300148588
3041	0.00668647845468
3042	0.00495294700347
3043	0.00421000495295
3044	0.00148588410104
3045	0.00198117880139
3046	0.00916295195641
3047	0.0123823675087
3048	0.0037147102526
3049	0.0188211986132
3050	0.00396235760277
3051	0.0250123823675
3052	0.0123823675087
3053	0.00247647350173
3054	0.0205547300644
3055	0.00148588410104
3056	0.0193164933135
3057	0.00421000495295
3058	0.0037147102526
3059	0.00123823675087
3060	0.0193164933135
3061	0.00346706290243
3062	0.00792471520555
3063	0.00272412085191
3064	0.0158494304111
3065	0.0131253095592
3066	0.00346706290243
3067	0.00321941555225
3068	0.00396235760277
3069	0.00396235760277
3070	0.0153541357107
3071	0.000247647350173
3072	0.011391778108
3073	0.0153541357107
3074	0.00148588410104
3075	0.00569588905399
3076	0.0212976721149
3077	0.0136206042595
3078	0.0245170876672
3079	0.00965824665676
3080	0.00693412580485
3081	0.00619118375433
3082	0.0287270926201
3083	0.00247647350173
3084	0.0188211986132
3085	0.012877662209
3086	0.00916295195641
3087	0.0126300148588
3088	0.00247647350173
3089	0.012877662209
3090	0.0267459138187
3091	0.00148588410104
3092	0.00272412085191
3093	0.00396235760277
3094	0.00173353145121
3095	0.0037147102526
3096	0.0188211986132
3097	0.0101535413571
3098	0.0160970777613
3099	0.00247647350173
3100	0.00842000990589
3101	0.0302129767211
3102	0.0121347201585
3103	0.00495294700347
3104	0.0205547300644
3105	0.00297176820208
3106	0.0153541357107
3107	0.0126300148588
3108	0.0156017830609
3109	0.00445765230312
3110	0.00421000495295
3111	0.012877662209
3112	0.00297176820208
3113	0.0168400198118
3114	0.011391778108
3115	0.0151064883606
3116	0.0255076770679
3117	0.0156017830609
3118	0.0108964834076
3119	0.017087667162
3120	0.0175829618623
3121	0.000990589400693
3122	0.00222882615156
3123	0.00817236255572
3124	0.0074294205052
3125	0.000495294700347
3126	0.00198117880139
3127	0.00148588410104
3128	0.00247647350173
3129	0.00866765725607
3130	0.00321941555225
3131	0.00198117880139
3132	0.0208023774146
3133	0.00247647350173
3134	0.000495294700347
3135	0.00866765725607
3136	0.0153541357107
3137	0.0121347201585
3138	0.00470529965329
3139	0.00520059435364
3140	0.0175829618623
3141	0.00272412085191
3142	0.0138682516097
3143	0.000990589400693
3144	0.00396235760277
3145	0.017087667162
3146	0.0151064883606
3147	0.00123823675087
3148	0.0074294205052
3149	0.0163447251114
3150	0.0220406141654
3151	0.00346706290243
3152	0.0210500247647
3153	0.00272412085191
3154	0.0225359088658
3155	0.00297176820208
3156	0.00321941555225
3157	0.0037147102526
3158	0.012877662209
3159	0.00173353145121
3160	0.0074294205052
3161	0.00148588410104
3162	0.0141158989599
3163	0.00569588905399
3164	0.00247647350173
3165	0.00173353145121
3166	0.00941059930659
3167	0.00421000495295
3168	0.0118870728083
3169	0.0151064883606
3170	0.00619118375433
3171	0.00470529965329
3172	0.0178306092125
3173	0.00445765230312
3174	0.0183259039128
3175	0.00148588410104
3176	0.00668647845468
3177	0.0101535413571
3178	0.00619118375433
3179	0.0168400198118
3180	0.00198117880139
3181	0.00198117880139
3182	0.0168400198118
3183	0.000247647350173
3184	0.0151064883606
3185	0.0198117880139
3186	0.00569588905399
3187	0.00842000990589
3188	0.0126300148588
3189	0.00470529965329
3190	0.00297176820208
3191	0.00990589400693
3192	0.00396235760277
3193	0.00668647845468
3194	0.00421000495295
3195	0.0178306092125
3196	0.00990589400693
3197	0.00198117880139
3198	0.0212976721149
3199	0.00544824170381
3200	0.00272412085191
3201	0.0227835562159
3202	0.00272412085191
3203	0.00767706785537
3204	0.0116394254581
3205	0.0037147102526
3206	0.0126300148588
3207	0.0101535413571
3208	0.0037147102526
3209	0.00594353640416
3210	0.00346706290243
3211	0.00619118375433
3212	0.00866765725607
3213	0.00891530460624
3214	0.0156017830609
3215	0.00619118375433
3216	0.00173353145121
3217	0.00148588410104
3218	0.00222882615156
3219	0.00965824665676
3220	0.0133729569094
3221	0.00643883110451
3222	0.0037147102526
3223	0.00569588905399
3224	0.0136206042595
3225	0.00693412580485
3226	0.0195641406637
3227	0.00123823675087
3228	0.00891530460624
3229	0.00346706290243
3230	0.000247647350173
3231	0.00693412580485
3232	0.0260029717682
3233	0.0156017830609
3234	0.00817236255572
3235	0.00198117880139
3236	0.00520059435364
3237	0.00693412580485
3238	0.0101535413571
3239	0.0153541357107
3240	0.0163447251114
3241	0.00470529965329
3242	0.0037147102526
3243	0.00668647845468
3244	0.00346706290243
3245	0.00346706290243
3246	0.00346706290243
3247	0.0163447251114
3248	0.00767706785537
3249	0.00346706290243
3250	0.00842000990589
3251	0.00222882615156
3252	0.0212976721149
3253	0.0126300148588
3254	0.00297176820208
3255	0.00792471520555
3256	0.0156017830609
3257	0.0104011887073
3258	0.0116394254581
3259	0.00767706785537
3260	0.00693412580485
3261	0.0133729569094
3262	0.00594353640416
3263	0.0143635463101
3264	0.00767706785537
3265	0.0118870728083
3266	0.00198117880139
3267	0.0178306092125
3268	0.000495294700347
3269	0.00222882615156
3270	0.00148588410104
3271	0.00123823675087
3272	0.0108964834076
3273	0.00643883110451
3274	0.0156017830609
3275	0.00718177315503
3276	0.00495294700347
3277	0.0175829618623
3278	0.00470529965329
3279	0.00619118375433
3280	0.0264982664685
3281	0.00297176820208
3282	0.000495294700347
3283	0.00396235760277
3284	0.0173353145121
3285	0.00668647845468
3286	0.00569588905399
3287	0.0118870728083
3288	0.0118870728083
3289	0.00470529965329
3290	0.00123823675087
3291	0.0294700346706
3292	0.00297176820208
3293	0.0148588410104
3294	0.00569588905399
3295	0.011391778108
3296	0.0101535413571
3297	0.0156017830609
3298	0.0111441307578
3299	0.0148588410104
3300	0.00445765230312
3301	0.00990589400693
3302	0.0165923724616
3303	0.00891530460624
3304	0.00866765725607
3305	0.00123823675087
3306	0.00544824170381
3307	0.00470529965329
3308	0.00222882615156
3309	0.00445765230312
3310	0.00123823675087
3311	0.00272412085191
3312	0.00421000495295
3313	0.00792471520555
3314	0.00396235760277
3315	0.00346706290243
3316	0.00965824665676
3317	0.00173353145121
3318	0.00495294700347
3319	0.00643883110451
3320	0.0279841505696
3321	0.017087667162
3322	0.00198117880139
3323	0.00173353145121
3324	0.0215453194651
3325	0.00470529965329
3326	0.00396235760277
3327	0.0123823675087
3328	0.00445765230312
3329	0.00470529965329
3330	0.0230312035661
3331	0.00891530460624
3332	0.0153541357107
3333	0.00173353145121
3334	0.00222882615156
3335	0.0160970777613
3336	0.00173353145121
3337	0.00594353640416
3338	0.00222882615156
3339	0.0180782565627
3340	0.00396235760277
3341	0.00767706785537
3342	0.0168400198118
3343	0.00346706290243
3344	0.0188211986132
3345	0.0160970777613
3346	0.00866765725607
3347	0.0188211986132
3348	0.0208023774146
3349	0.00297176820208
3350	0.0203070827142
3351	0.0208023774146
3352	0.00321941555225
3353	0.0153541357107
3354	0.00222882615156
3355	0.0133729569094
3356	0.00495294700347
3357	0.0037147102526
3358	0.00272412085191
3359	0.00445765230312
3360	0.0183259039128
3361	0.00346706290243
3362	0.018573551263
3363	0.0324418028727
3364	0.0121347201585
3365	0.011391778108
3366	0.0153541357107
3367	0.00272412085191
3368	0.00222882615156
3369	0.0106488360575
3370	0.00148588410104
3371	0.0037147102526
3372	0.00173353145121
3373	0.00421000495295
3374	0.00396235760277
3375	0.00074294205052
3376	0.00198117880139
3377	0.00767706785537
3378	0.0148588410104
3379	0.00619118375433
3380	0.00520059435364
3381	0.0133729569094
3382	0.00421000495295
3383	0.00421000495295
3384	0.0121347201585
3385	0.0131253095592
3386	0.012877662209
3387	0.0240217929668
3388	0.00247647350173
3389	0.00173353145121
3390	0.00619118375433
3391	0.0131253095592
3392	0.00421000495295
3393	0.00470529965329
3394	0.00767706785537
3395	0.00941059930659
3396	0.0188211986132
3397	0.0284794452699
3398	0.00198117880139
3399	0.00916295195641
3400	0.00866765725607
3401	0.00198117880139
3402	0.0037147102526
3403	0.012877662209
3404	0.00445765230312
3405	0.00321941555225
3406	0.0173353145121
3407	0.000495294700347
3408	0.000495294700347
3409	0.00396235760277
3410	0.00396235760277
3411	0.0153541357107
3412	0.0111441307578
3413	0.00074294205052
3414	0.00445765230312
3415	0.00718177315503
3416	0.0131253095592
3417	0.0220406141654
3418	0.00247647350173
3419	0.0156017830609
3420	0.00569588905399
3421	0.00495294700347
3422	0.00990589400693
3423	0.00396235760277
3424	0.00173353145121
3425	0.00247647350173
3426	0.0279841505696
3427	0.00222882615156
3428	0.00198117880139
3429	0.00123823675087
3430	0.00520059435364
3431	0.00569588905399
3432	0.00148588410104
3433	0.0160970777613
3434	0.0264982664685
3435	0.0121347201585
3436	0.00173353145121
3437	0.135463100545
3438	0.00594353640416
3439	0.00222882615156
3440	0.00643883110451
3441	0.00148588410104
3442	0.0111441307578
3443	0.00544824170381
3444	0.00123823675087
3445	0.00173353145121
3446	0.00272412085191
3447	0.00148588410104
3448	0.0116394254581
3449	0.0111441307578
3450	0.00445765230312
3451	0.000247647350173
3452	0.00396235760277
3453	0.000247647350173
3454	0.00346706290243
3455	0.00941059930659
3456	0.0126300148588
3457	0.00148588410104
3458	0.00495294700347
3459	0.0037147102526
3460	0.00693412580485
3461	0.00198117880139
3462	0.00495294700347
3463	0.00594353640416
3464	0.00767706785537
3465	0.00396235760277
3466	0.00643883110451
3467	0.00074294205052
3468	0.00718177315503
3469	0.00693412580485
3470	0.00396235760277
3471	0.00619118375433
3472	0.0037147102526
3473	0.00421000495295
3474	0.00445765230312
3475	0.00792471520555
3476	0.0037147102526
3477	0.00148588410104
3478	0.00421000495295
3479	0.0037147102526
3480	0.00619118375433
3481	0.00346706290243
3482	0.00321941555225
3483	0.00321941555225
3484	0.0037147102526
3485	0.00470529965329
3486	0.0074294205052
3487	0.00247647350173
3488	0.0116394254581
3489	0.00123823675087
3490	0.0037147102526
3491	0.00569588905399
3492	0.00222882615156
3493	0.00470529965329
3494	0.000990589400693
3495	0.0138682516097
3496	0.00470529965329
3497	0.00594353640416
3498	0.00445765230312
3499	0.00520059435364
3500	0.00495294700347
3501	0.0123823675087
3502	0.00198117880139
3503	0.00321941555225
3504	0.00198117880139
3505	0.00619118375433
3506	0.0118870728083
3507	0.00222882615156
3508	0.00594353640416
3509	0.00544824170381
3510	0.00495294700347
3511	0.00544824170381
3512	0.00321941555225
3513	0.00148588410104
3514	0.0101535413571
3515	0.00272412085191
3516	0.00346706290243
3517	0.00421000495295
3518	0.00817236255572
3519	0.00421000495295
3520	0.00247647350173
3521	0.0143635463101
3522	0.00222882615156
3523	0.00346706290243
3524	0.00396235760277
3525	0.00891530460624
3526	0.0074294205052
3527	0.00569588905399
3528	0.00891530460624
3529	0.00866765725607
3530	0.00198117880139
3531	0.00222882615156
3532	0.0037147102526
3533	0.0037147102526
3534	0.00569588905399
3535	0.00470529965329
3536	0.00272412085191
3537	0.000990589400693
3538	0.00495294700347
3539	0.00247647350173
3540	0.00842000990589
3541	0.00297176820208
3542	0.00817236255572
3543	0.00247647350173
3544	0.00123823675087
3545	0.0205547300644
3546	0.00396235760277
3547	0.00321941555225
3548	0.00198117880139
3549	0.0037147102526
3550	0.00470529965329
3551	0.00222882615156
3552	0.00173353145121
3553	0.00817236255572
3554	0.00520059435364
3555	0.00495294700347
3556	0.00321941555225
3557	0.00767706785537
3558	0.00941059930659
3559	0.00668647845468
3560	0.00074294205052
3561	0.00346706290243
3562	0.0037147102526
3563	0.00421000495295
3564	0.00421000495295
3565	0.000990589400693
3566	0.00222882615156
3567	0.00346706290243
3568	0.00866765725607
3569	0.00643883110451
3570	0.000247647350173
3571	0.00421000495295
3572	0.00198117880139
3573	0.00544824170381
3574	0.0037147102526
3575	0.00074294205052
3576	0.0104011887073
3577	0.012877662209
3578	0.00594353640416
3579	0.00396235760277
3580	0.00222882615156
3581	0.00297176820208
3582	0.00074294205052
3583	0.00247647350173
3584	0.0121347201585
3585	0.00198117880139
3586	0.0108964834076
3587	0.00421000495295
3588	0.000990589400693
3589	0.000495294700347
3590	0.00668647845468
3591	0.00470529965329
3592	0.00321941555225
3593	0.0116394254581
3594	0.00297176820208
3595	0.00346706290243
3596	0.0212976721149
3597	0.00074294205052
3598	0.00272412085191
3599	0.00817236255572
3600	0.00173353145121
3601	0.00520059435364
3602	0.00421000495295
3603	0.00222882615156
3604	0.0188211986132
3605	0.00965824665676
3606	0.00123823675087
3607	0.00198117880139
3608	0.00470529965329
3609	0.00668647845468
3610	0.0037147102526
3611	0.0141158989599
3612	0.00470529965329
3613	0.0037147102526
3614	0.00247647350173
3615	0.00495294700347
3616	0.00297176820208
3617	0.00817236255572
3618	0.00495294700347
3619	0.000990589400693
3620	0.00396235760277
3621	0.00272412085191
3622	0.00297176820208
3623	0.00470529965329
3624	0.00346706290243
3625	0.00916295195641
3626	0.00198117880139
3627	0.00470529965329
3628	0.00569588905399
3629	0.00916295195641
3630	0.00321941555225
3631	0.00247647350173
3632	0.00148588410104
3633	0.0160970777613
3634	0.00544824170381
3635	0.00668647845468
3636	0.00619118375433
3637	0.00123823675087
3638	0.00272412085191
3639	0.00297176820208
3640	0.0104011887073
3641	0.00247647350173
3642	0.00569588905399
3643	0.00594353640416
3644	0.00321941555225
3645	0.00445765230312
3646	0.00421000495295
3647	0.00198117880139
3648	0.00520059435364
3649	0.0037147102526
3650	0.000247647350173
3651	0.00792471520555
3652	0.00173353145121
3653	0.000990589400693
3654	0.00297176820208
3655	0.0037147102526
3656	0.00544824170381
3657	0.00321941555225
3658	0.00396235760277
3659	0.00247647350173
3660	0.00148588410104
3661	0.00148588410104
3662	0.00421000495295
3663	0.00346706290243
3664	0.00247647350173
3665	0.00148588410104
3666	0.00222882615156
3667	0.00569588905399
3668	0.00272412085191
3669	0.00173353145121
3670	0.00544824170381
3671	0.00222882615156
3672	0.0116394254581
3673	0.000990589400693
3674	0.00941059930659
3675	0.00346706290243
3676	0.00123823675087
3677	0.0123823675087
3678	0.00123823675087
3679	0.00321941555225
3680	0.0106488360575
3681	0.00247647350173
3682	0.00222882615156
3683	0.00421000495295
3684	0.0165923724616
3685	0.0037147102526
3686	0.000990589400693
3687	0.00817236255572
3688	0.000495294700347
3689	0.00074294205052
3690	0.00643883110451
3691	0.00074294205052
3692	0.00941059930659
3693	0.00718177315503
3694	0.00123823675087
3695	0.0037147102526
3696	0.0037147102526
3697	0.00520059435364
3698	0.00445765230312
3699	0.00074294205052
3700	0.00173353145121
3701	0.0037147102526
3702	0.00941059930659
3703	0.0037147102526
3704	0.000495294700347
3705	0.00941059930659
3706	0.00619118375433
3707	0.00594353640416
3708	0.0037147102526
3709	0.000247647350173
3710	0.00643883110451
3711	0.00718177315503
3712	0.00198117880139
3713	0.00643883110451
3714	0.00643883110451
3715	0.00346706290243
3716	0.00173353145121
3717	0.00074294205052
3718	0.00668647845468
3719	0.00569588905399
3720	0.00247647350173
3721	0.0074294205052
3722	0.00817236255572
3723	0.00198117880139
3724	0.00148588410104
3725	0.00470529965329
3726	0.0037147102526
3727	0.00148588410104
3728	0.00693412580485
3729	0.000247647350173
3730	0.00693412580485
3731	0.00990589400693
3732	0.000495294700347
3733	0.00074294205052
3734	0.0121347201585
3735	0.00396235760277
3736	0.00297176820208
3737	0.00965824665676
3738	0.0074294205052
3739	0.0037147102526
3740	0.00668647845468
3741	0.00445765230312
3742	0.00123823675087
3743	0.00470529965329
3744	0.00074294205052
3745	0.00148588410104
3746	0.000495294700347
3747	0.00544824170381
3748	0.000247647350173
3749	0.00148588410104
3750	0.00718177315503
3751	0.00148588410104
3752	0.00470529965329
3753	0.00619118375433
3754	0.00198117880139
3755	0.00198117880139
3756	0.0151064883606
3757	0.00421000495295
3758	0.0108964834076
3759	0.00470529965329
3760	0.00421000495295
3761	0.00520059435364
3762	0.00421000495295
3763	0.00297176820208
3764	0.00718177315503
3765	0.000990589400693
3766	0.00247647350173
3767	0.00247647350173
3768	0.00569588905399
3769	0.00321941555225
3770	0.00247647350173
3771	0.00173353145121
3772	0.00198117880139
3773	0.00346706290243
3774	0.00445765230312
3775	0.00222882615156
3776	0.00470529965329
3777	0.00247647350173
3778	0.00321941555225
3779	0.00470529965329
3780	0.00396235760277
3781	0.000990589400693
3782	0.00792471520555
3783	0.00321941555225
3784	0.00297176820208
3785	0.00470529965329
3786	0.00520059435364
3787	0.00123823675087
3788	0.00297176820208
3789	0.00198117880139
3790	0.0111441307578
3791	0.00520059435364
3792	0.0037147102526
3793	0.0121347201585
3794	0.00866765725607
3795	0.00123823675087
3796	0.00272412085191
3797	0.0106488360575
3798	0.000247647350173
3799	0.00346706290243
3800	0.0121347201585
3801	0.00074294205052
3802	0.00396235760277
3803	0.00520059435364
3804	0.0121347201585
3805	0.00123823675087
3806	0.00148588410104
3807	0.000495294700347
3808	0.000495294700347
3809	0.00396235760277
3810	0.00866765725607
3811	0.00074294205052
3812	0.00173353145121
3813	0.00173353145121
3814	0.00198117880139
3815	0.0037147102526
3816	0.00074294205052
3817	0.00297176820208
3818	0.00346706290243
3819	0.00321941555225
3820	0.000247647350173
3821	0.00643883110451
3822	0.0074294205052
3823	0.00346706290243
3824	0.0123823675087
3825	0.00668647845468
3826	0.00792471520555
3827	0.00198117880139
3828	0.00693412580485
3829	0.00916295195641
3830	0.0267459138187
3831	0.00619118375433
3832	0.00297176820208
3833	0.00792471520555
3834	0.00173353145121
3835	0.00643883110451
3836	0.00544824170381
3837	0.00421000495295
3838	0.0151064883606
3839	0.00123823675087
3840	0.00297176820208
3841	0.00817236255572
3842	0.0101535413571
3843	0.00198117880139
3844	0.00123823675087
3845	0.00495294700347
3846	0.000495294700347
3847	0.00321941555225
3848	0.00148588410104
3849	0.00123823675087
3850	0.00495294700347
3851	0.0146111936602
3852	0.00544824170381
3853	0.000247647350173
3854	0.000495294700347
3855	0.0037147102526
3856	0.000247647350173
3857	0.00272412085191
3858	0.00792471520555
3859	0.00148588410104
3860	0.00916295195641
3861	0.00396235760277
3862	0.00470529965329
3863	0.00272412085191
3864	0.00173353145121
3865	0.000990589400693
3866	0.00470529965329
3867	0.00643883110451
3868	0.00445765230312
3869	0.00792471520555
3870	0.00643883110451
3871	0.00198117880139
3872	0.00346706290243
3873	0.00941059930659
3874	0.00346706290243
3875	0.000495294700347
3876	0.00222882615156
3877	0.0136206042595
3878	0.00247647350173
3879	0.000495294700347
3880	0.00247647350173
3881	0.00445765230312
3882	0.000990589400693
3883	0.0037147102526
3884	0.00842000990589
3885	0.000495294700347
3886	0.00718177315503
3887	0.00123823675087
3888	0.00247647350173
3889	0.0037147102526
3890	0.00123823675087
3891	0.00594353640416
3892	0.00321941555225
3893	0.00148588410104
3894	0.00222882615156
3895	0.00321941555225
3896	0.00520059435364
3897	0.000990589400693
3898	0.00396235760277
3899	0.00173353145121
3900	0.00842000990589
3901	0.00198117880139
3902	0.0104011887073
3903	0.00445765230312
3904	0.00173353145121
3905	0.00198117880139
3906	0.0108964834076
3907	0.00643883110451
3908	0.00173353145121
3909	0.00544824170381
3910	0.000990589400693
3911	0.00173353145121
3912	0.0037147102526
3913	0.00445765230312
3914	0.00198117880139
3915	0.00544824170381
3916	0.00173353145121
3917	0.0037147102526
3918	0.00767706785537
3919	0.00297176820208
3920	0.00396235760277
3921	0.0074294205052
3922	0.000495294700347
3923	0.00173353145121
3924	0.0101535413571
3925	0.00123823675087
3926	0.0106488360575
3927	0.00594353640416
3928	0.00074294205052
3929	0.0037147102526
3930	0.0116394254581
3931	0.00544824170381
3932	0.00198117880139
3933	0.00544824170381
3934	0.00247647350173
3935	0.000247647350173
3936	0.00148588410104
3937	0.00346706290243
3938	0.0205547300644
3939	0.000990589400693
3940	0.00272412085191
3941	0.00173353145121
3942	0.000495294700347
3943	0.00619118375433
3944	0.00321941555225
3945	0.00842000990589
3946	0.000990589400693
3947	0.00792471520555
3948	0.0146111936602
3949	0.00297176820208
3950	0.00396235760277
3951	0.00866765725607
3952	0.000990589400693
3953	0.000990589400693
3954	0.000990589400693
3955	0.00074294205052
3956	0.00594353640416
3957	0.00445765230312
3958	0.00222882615156
3959	0.000495294700347
3960	0.00421000495295
3961	0.00173353145121
3962	0.00965824665676
3963	0.00148588410104
3964	0.0037147102526
3965	0.000990589400693
3966	0.0116394254581
3967	0.00396235760277
3968	0.011391778108
3969	0.00619118375433
3970	0.00148588410104
3971	0.0116394254581
3972	0.00445765230312
3973	0.00198117880139
3974	0.000247647350173
3975	0.0037147102526
3976	0.0037147102526
3977	0.00148588410104
3978	0.000990589400693
3979	0.00297176820208
3980	0.0146111936602
3981	0.00198117880139
3982	0.00346706290243
3983	0.000495294700347
3984	0.000247647350173
3985	0.00148588410104
3986	0.00222882615156
3987	0.000495294700347
3988	0.00173353145121
3989	0.00148588410104
3990	0.000990589400693
3991	0.00074294205052
3992	0.00074294205052
3993	0.00148588410104
3994	0.00272412085191
3995	0.00222882615156
3996	0.000990589400693
3997	0.00272412085191
3998	0.00346706290243
3999	0.000990589400693
4000	0.00222882615156
4001	0.000495294700347
4002	0.00173353145121
4003	0.00123823675087
4004	0.00247647350173
4005	0.00074294205052
4006	0.000495294700347
4007	0.000990589400693
4008	0.000247647350173
4009	0.00247647350173
4010	0.000247647350173
4011	0.000990589400693
4012	0.000495294700347
4013	0.00148588410104
4014	0.00297176820208
4015	0.000247647350173
4016	0.000990589400693
4017	0.00222882615156
4018	0.00173353145121
4019	0.00198117880139
4020	0.00198117880139
4021	0.00272412085191
4022	0.000247647350173
4023	0.00445765230312
4024	0.000247647350173
4025	0.000990589400693
4026	0.00222882615156
4027	0.00173353145121
4028	0.000495294700347
4029	0.000495294700347
4030	0.00470529965329
4031	0.00272412085191
4032	0.000495294700347
4033	0.00074294205052
4034	0.000495294700347
4035	0.000247647350173
4036	0.000495294700347
4037	0.000990589400693
4038	0.00222882615156
