0	3.31771110916e-05
1	5.97472495462e-07
2	2.16953534232e-07
3	6.56401892995e-07
4	2.17280820198e-07
5	1.17640734697e-06
6	2.10935354035e-07
7	2.56726605951e-05
8	2.13486580231e-07
9	2.20379054283e-06
10	7.64112472439e-07
11	2.04404317955e-07
12	2.04404317955e-07
13	1.09541635766e-06
14	2.23896477722e-07
15	2.04404317955e-07
16	2.55215778869e-07
17	2.21185323151e-07
18	2.04404317955e-07
19	2.24805914571e-07
20	2.23736394609e-07
21	2.59500408279e-05
22	1.02979346951e-06
23	2.26074503098e-07
24	2.41994983919e-07
25	2.08113334971e-06
26	2.322479449e-06
27	3.78740774722e-07
28	2.2108146933e-07
29	2.86079608118e-07
30	9.55674003987e-07
31	1.44528944926e-06
32	2.1110214606e-07
33	2.05671606488e-07
34	4.03902303665e-06
35	2.05754459073e-07
36	2.29158772187e-07
37	2.04404317955e-07
38	7.15356497781e-07
39	4.79950611606e-07
40	1.77590830274e-06
41	2.35892487621e-07
42	2.05671606488e-07
43	2.04404317955e-07
44	2.11479039128e-07
45	7.66048391874e-07
46	2.09922503612e-07
47	2.06620057587e-07
48	4.75797652367e-07
49	2.08230901139e-07
50	4.39590377116e-07
51	2.33082773055e-07
52	2.05696129641e-07
53	9.23702823391e-07
54	2.47407792373e-07
55	9.90877802168e-07
56	2.63496931808e-05
57	4.14350813553e-07
58	0.000589078930617
59	5.11248986089e-07
60	7.32396803553e-07
61	2.0708900305e-07
62	1.0401430582e-06
63	4.0601908407e-07
64	2.58718091399e-07
65	5.98422393734e-07
66	1.26588224215e-06
67	2.66573433537e-05
68	2.15277106585e-07
69	5.93450008719e-07
70	2.0572961188e-07
71	2.07072492479e-07
72	7.24489542297e-07
73	2.46186744906e-07
74	2.04404317955e-07
75	9.41659279436e-07
76	2.18652713003e-07
77	2.36100969986e-07
78	2.15046105723e-07
79	4.97287726955e-07
80	5.75513715907e-07
81	2.29410624642e-07
82	8.87090265301e-07
83	2.33082773055e-07
84	4.37205995919e-07
85	6.14945106224e-07
86	2.11282608244e-07
87	2.53419684383e-05
88	7.71560503124e-07
89	2.13587923239e-07
90	2.05679416892e-07
91	2.13486580231e-07
92	2.54736070558e-07
93	2.13907789118e-07
94	4.24689423286e-07
95	2.10919629566e-07
96	4.03976179375e-07
97	2.0700481151e-07
98	1.85536993739e-06
99	2.20582875506e-07
100	2.62334874303e-07
101	2.47509001678e-07
102	2.11249831049e-07
103	2.50838022055e-05
104	1.42706747009e-06
105	6.33838063899e-07
106	3.96816458353e-07
107	0.000172478193184
108	4.01146685223e-07
109	1.90710280567e-06
110	2.09642425709e-07
111	2.22241188813e-07
112	2.0707326663e-07
113	1.49331308588e-06
114	2.04404317955e-07
115	2.31855692056e-07
116	2.26589047444e-07
117	3.86498510712e-07
118	1.25297966456e-06
119	2.05026687097e-06
120	2.42046108772e-05
121	7.34577192694e-07
122	2.62593258898e-05
123	8.27800062886e-07
124	2.18372938662e-07
125	2.43559438574e-05
126	3.86220138095e-07
127	4.0447084302e-07
128	1.53507840361e-06
129	5.46483712331e-07
130	6.01855702572e-07
131	2.12500818708e-07
132	6.30180634316e-07
133	6.63165196685e-07
134	9.97767266043e-07
135	2.26702685704e-07
136	0.00389378754
137	2.24859232238e-07
138	2.05789525151e-07
139	2.26531708238e-07
140	2.18450528906e-07
141	1.0598129232e-06
142	1.99644391896e-06
143	2.19115921349e-07
144	2.23865041104e-07
145	2.05679416892e-07
146	2.45393421323e-05
147	2.10935354035e-07
148	6.57333790846e-07
149	2.22361041401e-07
150	4.287195376e-07
151	2.12807481213e-07
152	3.64988573551e-07
153	2.14623475044e-07
154	2.05703848263e-07
155	2.07072974191e-07
156	2.45682033422e-05
157	2.07025767687e-07
158	1.17026067749e-06
159	4.28204703784e-07
160	2.07783055589e-07
161	1.95248181232e-06
162	2.14153918754e-07
163	2.28852747919e-07
164	3.70111407381e-07
165	5.86914232902e-07
166	2.10837470922e-07
167	2.12412526397e-07
168	7.38664536967e-07
169	2.57351865205e-05
170	1.83465772912e-06
171	5.39278539413e-06
172	1.12179719988e-06
173	4.89598741277e-07
174	2.08341378337e-07
175	2.4200093988e-07
176	4.92399970861e-07
177	2.17880613803e-07
178	5.97386671133e-07
179	2.06938991305e-07
180	2.57153186351e-07
181	2.17280820198e-07
182	2.06955327239e-07
183	2.08489263749e-07
184	4.13157040471e-07
185	1.5006349597e-06
186	1.67979985401e-06
187	2.424961285e-07
188	1.99025310871e-06
189	2.58718091399e-07
190	2.09785859433e-07
191	2.13801222625e-07
192	2.09650911575e-07
193	2.09626689914e-07
194	2.50696500023e-07
195	2.15046105723e-07
196	5.53424398288e-07
197	4.08922892662e-07
198	3.39143795145e-07
199	1.51126493103e-06
200	2.07720766309e-06
201	2.08350666343e-07
202	2.14909141366e-07
203	2.20393218689e-06
204	4.41159981104e-07
205	2.05696129641e-07
206	2.15987550899e-07
207	5.32240053511e-07
208	4.29455052855e-07
209	2.04404317955e-07
210	2.04404317955e-07
211	1.19184664872e-06
212	9.66876713539e-07
213	2.61481921313e-05
214	2.26505098927e-07
215	2.04404317955e-07
216	2.05722773717e-07
217	4.1177182354e-07
218	2.15046105723e-07
219	2.10903407915e-07
220	2.08587297884e-07
221	7.29993397096e-07
222	4.30024796881e-07
223	1.22633688451e-06
224	1.5124859098e-06
225	2.1659505102e-07
226	2.22494189029e-07
227	2.23253491703e-07
228	2.09866449437e-07
229	2.43435686616e-07
230	2.150840091e-07
231	8.21394053309e-07
232	1.18634609158e-06
233	2.05671606488e-07
234	2.17178646148e-07
235	6.8449827651e-07
236	1.71749684183e-06
237	2.33082773055e-07
238	6.84207501578e-07
239	2.07404076534e-06
240	2.08446406832e-07
241	2.05687378465e-07
242	5.88030799287e-07
243	2.13974304346e-07
244	2.05671606488e-07
245	2.09743689064e-07
246	2.56544124276e-05
247	3.55234980863e-07
248	1.00477588764e-06
249	7.37584716392e-07
250	4.00318701557e-07
251	5.50118667042e-07
252	2.58297998427e-06
253	2.0700481151e-07
254	2.43535925116e-07
255	2.05687378465e-07
256	2.05671606488e-07
257	9.51406604628e-07
258	4.72853386721e-07
259	2.13486580231e-07
260	5.48508312953e-07
261	1.09494952744e-06
262	2.08587297884e-07
263	2.12568190381e-07
264	2.09642425709e-07
265	7.33714611894e-07
266	2.47008157628e-07
267	2.05797340676e-07
268	2.89064740818e-07
269	3.85424337214e-06
270	2.32143887305e-07
271	2.32969497396e-06
272	1.75874535281e-06
273	2.15046105723e-07
274	6.15172197628e-07
275	2.17280820198e-07
276	8.32917195405e-07
277	2.8578917829e-06
278	2.1656225447e-07
279	2.05773720219e-07
280	1.65916709864e-06
281	5.63506494436e-07
282	2.05671606488e-07
283	2.30276326671e-07
284	5.58889659603e-07
285	2.613460648e-05
286	2.05817816396e-07
287	2.04404317955e-07
288	3.91373358994e-07
289	2.08570741215e-07
290	8.0771017091e-07
291	1.56939998519e-06
292	2.04404317955e-07
293	2.0707326663e-07
294	2.23460858884e-07
295	4.31627971364e-07
296	2.12568190381e-07
297	1.38129058472e-06
298	4.44737835576e-07
299	2.50360015094e-07
300	2.19154297481e-07
301	3.59673789729e-07
302	4.10913383422e-07
303	1.44758940915e-06
304	2.63387345521e-05
305	2.05873386844e-07
306	2.15046105723e-07
307	2.17943654068e-07
308	2.56153048702e-05
309	2.26702685704e-07
310	2.20601016687e-07
311	2.48246119916e-07
312	2.38413762123e-07
313	1.55110407059e-06
314	3.01744728761e-07
315	2.67659238704e-05
316	2.11650093599e-07
317	3.84776492107e-07
318	4.42273435407e-07
319	2.13587923239e-07
320	2.64696149361e-07
321	2.07245571347e-07
322	2.68817833178e-05
323	1.91348202808e-06
324	2.50047992395e-05
325	1.31691277129e-06
326	2.29312794625e-07
327	2.08336096508e-07
328	2.15046105723e-07
329	1.00449459847e-06
330	2.45377490065e-07
331	6.63146541779e-07
332	1.9387927302e-06
333	2.13980198339e-07
334	1.51237877447e-06
335	2.04404317955e-07
336	2.21974890878e-07
337	2.15218169455e-07
338	4.15082234969e-07
339	2.542233447e-05
340	9.92112956789e-07
341	7.77485300623e-07
342	1.41064792203e-06
343	2.27871723977e-07
344	5.74452951436e-07
345	1.40775870042e-06
346	2.77155908526e-07
347	6.9555219161e-07
348	1.33886321942e-05
349	2.11694341123e-07
350	4.27469969434e-06
351	8.62820467517e-08
352	6.87202191268e-07
353	8.069786067e-06
354	5.32125309312e-07
355	9.78725863541e-07
356	8.43741719705e-08
357	4.06936659942e-06
358	8.258375405e-08
359	5.19682517625e-07
360	5.38300915583e-06
361	4.54810130472e-07
362	5.88262525768e-07
363	4.26156482017e-06
364	8.84553581749e-08
365	3.10036422817e-07
366	7.97324049813e-06
367	9.17700346135e-07
368	1.10152799651e-06
369	4.30394195285e-06
370	1.02498323813e-05
371	1.90081021513e-07
372	4.22503704834e-07
373	1.08747139233e-05
374	6.67546694426e-06
375	5.71438932234e-07
376	1.26980527061e-05
377	8.32993378375e-08
378	9.84853119255e-06
379	8.31435350166e-08
380	2.30187676904e-07
381	2.65475872115e-07
382	2.30737139857e-07
383	1.16009840453e-07
384	1.10424946758e-07
385	4.0981379111e-07
386	8.36563465649e-08
387	5.34216394464e-06
388	1.55983661063e-06
389	2.15664544877e-06
390	3.09991950454e-07
391	9.67240996568e-06
392	5.30032660432e-06
393	8.73935410612e-08
394	1.50850916648e-06
395	6.63368488486e-06
396	4.86476497836e-07
397	5.24468486732e-06
398	1.04725129488e-06
399	8.79261855246e-08
400	6.63096129458e-06
401	8.31000010487e-08
402	9.79879423247e-06
403	4.12129264577e-07
404	5.30300696789e-06
405	7.64608558445e-06
406	1.16796476061e-07
407	4.09683273207e-06
408	5.58731925944e-06
409	1.12536186138e-06
410	3.68452063623e-07
411	8.40415393724e-08
412	7.13119582199e-06
413	6.90879204116e-07
414	1.11061007734e-05
415	8.19126953722e-06
416	4.42775163381e-06
417	6.37992347123e-06
418	8.45862529985e-07
419	5.51016472783e-06
420	6.18179895913e-06
421	4.54212593616e-06
422	1.32459181143e-06
423	6.05066287374e-06
424	3.42608327751e-07
425	8.18862794315e-06
426	4.46677859075e-06
427	7.63881344511e-06
428	0.000597594165998
429	1.79541241084e-07
430	8.86868101565e-06
431	1.01140313583e-05
432	9.56853152565e-06
433	3.96739966094e-06
434	8.73083100782e-06
435	3.91918458672e-06
436	9.76204107494e-06
437	1.20097916184e-07
438	1.02128846268e-05
439	5.61702778152e-06
440	5.75929653902e-07
441	8.79261855246e-08
442	4.27817016654e-06
443	8.31100666742e-08
444	5.53426212215e-06
445	8.28526088867e-07
446	7.72242494866e-07
447	8.258375405e-08
448	1.47274763365e-07
449	3.99796531574e-06
450	5.48111082838e-07
451	8.45071691623e-06
452	5.09147183867e-06
453	8.5287510217e-08
454	8.36619327263e-08
455	4.58122131596e-06
456	9.6911609047e-06
457	4.06645062677e-06
458	9.59339286292e-07
459	3.920238149e-06
460	9.80926952113e-06
461	5.97411745445e-06
462	5.07861734065e-07
463	4.88124568213e-06
464	1.34013588044e-07
465	6.87249878008e-06
466	1.76953185693e-07
467	8.44052991978e-08
468	8.31100666742e-08
469	4.22896183807e-06
470	2.45319926014e-07
471	5.17838917077e-06
472	2.06255103578e-07
473	4.79576338477e-06
474	3.37774281622e-07
475	1.23447909015e-05
476	8.68478024012e-08
477	4.07087652972e-06
478	3.29245410668e-07
479	4.95753556824e-06
480	3.90115970696e-06
481	4.91619557703e-07
482	5.15197228805e-06
483	1.04592829132e-05
484	9.43013993297e-06
485	3.86069098512e-06
486	3.17424321824e-07
487	1.30331226509e-06
488	1.22392932841e-06
489	4.25777237802e-07
490	4.60193603795e-07
491	3.89146843483e-07
492	6.2851086965e-06
493	1.93619080849e-06
494	7.16677316575e-07
495	1.02136577046e-06
496	1.78639521442e-06
497	6.75646219046e-06
498	1.51941249359e-07
499	8.38844295144e-08
500	1.00442260124e-05
501	8.79261855246e-08
502	4.44008667804e-07
503	2.09800447915e-06
504	4.78239626888e-06
505	2.6545009276e-07
506	1.04821306476e-05
507	9.99026457222e-06
508	7.9089735931e-06
509	2.91078456967e-07
510	4.3854615896e-06
511	4.8542851795e-06
512	4.70110961623e-06
513	1.08952448118e-05
514	6.37412763256e-06
515	5.99000730499e-06
516	4.07240490303e-06
517	8.45622609005e-06
518	4.11483065495e-06
519	6.00213455211e-07
520	9.54587804718e-06
521	6.99502522075e-07
522	2.05970796363e-07
523	9.21536075418e-06
524	6.52494770037e-06
525	9.99662110117e-06
526	1.14797377265e-05
527	2.11280186254e-06
528	4.12503939856e-06
529	2.17631302325e-07
530	9.11985403187e-08
531	4.45650992148e-06
532	9.07063695231e-08
533	2.04501034311e-07
534	3.99099742304e-06
535	4.17001909508e-07
536	7.15983584497e-07
537	1.68532936064e-06
538	3.74136681104e-06
539	4.0282340017e-07
540	3.29755574973e-07
541	4.0709716475e-06
542	5.94391989589e-06
543	4.35439631153e-06
544	1.01894726102e-05
545	9.2087347273e-06
546	4.5093052541e-06
547	6.31005856575e-07
548	1.00605691768e-06
549	7.55458943237e-06
550	8.258375405e-08
551	3.65195806932e-07
552	1.10424946758e-07
553	6.90370974371e-06
554	4.01464480866e-06
555	9.4332022362e-07
556	5.50078815934e-06
557	1.11678322183e-06
558	4.47897746553e-06
559	7.11176652733e-06
560	1.00785280131e-06
561	7.03043889882e-06
562	1.19566204696e-07
563	0.000600012410247
564	8.84358266127e-08
565	8.42058039335e-07
566	8.34519263546e-06
567	9.66734557532e-06
568	2.30078893375e-07
569	4.28890948955e-06
570	4.98165983594e-06
571	1.70993168057e-07
572	8.44052991978e-08
573	1.1492922107e-07
574	1.27640526772e-07
575	7.80622255486e-08
576	7.49349208872e-08
577	7.93629169191e-08
578	8.02949680586e-08
579	1.2966646899e-07
580	3.75548322373e-06
581	6.89336271653e-08
582	7.87294838334e-08
583	8.07492900235e-08
584	1.2429146717e-07
585	6.85082080057e-08
586	2.46733441244e-07
587	3.92220823329e-07
588	7.9004587989e-08
589	1.17395583142e-07
590	3.36862458918e-07
591	5.67269099179e-06
592	1.29182871755e-07
593	1.96246717105e-07
594	7.46891947677e-06
595	7.77533347047e-08
596	1.90148242191e-06
597	1.15985998488e-07
598	1.04260727899e-07
599	7.98127069891e-08
600	8.01158569379e-08
601	5.44631805021e-06
602	6.85082080057e-08
603	1.04666490924e-07
604	8.93292690952e-06
605	1.0685697185e-07
606	7.9692254946e-06
607	6.85082080057e-08
608	6.85082080057e-08
609	3.91083183841e-06
610	3.38152508754e-07
611	7.99134394074e-08
612	1.0525925741e-07
613	6.85082080057e-08
614	5.07137708275e-06
615	8.02627800643e-08
616	9.259388461e-08
617	1.20262315382e-07
618	1.04615634844e-07
619	1.18409628848e-07
620	2.53992294059e-07
621	7.2519197817e-08
622	7.69793257286e-08
623	1.04376084989e-07
624	6.85082080057e-08
625	8.38260056934e-08
626	1.03174055218e-07
627	8.02949680586e-08
628	7.4068247764e-08
629	1.29967834825e-06
630	2.59534733292e-07
631	8.43717012431e-08
632	7.9323267907e-08
633	8.14213905442e-08
634	4.29696361072e-06
635	1.38516457446e-07
636	1.19415449158e-07
637	4.33781601425e-06
638	6.85082080057e-08
639	1.76965785623e-07
640	7.98225609321e-08
641	6.72363133326e-06
642	6.89336271653e-08
643	8.01158569379e-08
644	1.95168472889e-07
645	4.8941791969e-06
646	5.74102283005e-07
647	1.033140378e-07
648	6.92501896162e-08
649	1.16299683981e-06
650	7.93130785137e-08
651	7.18501947094e-06
652	2.40904681386e-07
653	1.68043344979e-07
654	1.90523640053e-07
655	9.14629338144e-08
656	1.18218880541e-07
657	8.05842826257e-08
658	8.02949680586e-08
659	8.02949680586e-08
660	6.98519332576e-08
661	8.01158569379e-08
662	8.02896460104e-08
663	9.32529930977e-08
664	1.05512972519e-07
665	7.7014731443e-08
666	2.11625999988e-07
667	3.79501780089e-06
668	6.85082080057e-08
669	5.21586680397e-06
670	7.98353240456e-08
671	2.5061962032e-07
672	7.64708956091e-08
673	2.40904681386e-07
674	6.85082080057e-08
675	7.98084580995e-08
676	4.51245504517e-06
677	9.4990116905e-08
678	1.72985521131e-07
679	9.91001995086e-08
680	1.86090238714e-07
681	7.97903103873e-08
682	8.53735507239e-08
683	5.13649913665e-06
684	8.28767072792e-08
685	8.94970594042e-08
686	6.09426227174e-12
687	4.25548139468e-13
688	5.94643649183e-13
689	3.97457019193e-14
690	9.08021571424e-14
691	4.01156235004e-14
692	3.78806805298e-14
693	2.01532752725e-13
694	6.08298045482e-13
695	3.87722256272e-13
696	4.70392455273e-13
697	5.70024619918e-12
698	8.04841166384e-10
699	3.8367984612e-14
700	8.17978699317e-14
701	2.4898628748e-13
702	3.97078894892e-14
703	5.38143177396e-12
704	4.31975649359e-14
705	6.59618692163e-13
706	2.79881801969e-13
707	4.15915211162e-14
708	5.64291808138e-12
709	3.34623459299e-13
710	1.48920824104e-13
711	1.76656109155e-13
712	4.23747009127e-14
713	5.6559425088e-12
714	4.19500801762e-14
715	1.28099377137e-13
716	9.03671396751e-14
717	7.02322182224e-14
718	3.58763057237e-13
719	5.68776909806e-12
720	1.95569820681e-13
721	1.11104832236e-13
722	1.64475762325e-13
723	1.60391377812e-13
724	4.67280918759e-13
725	4.04006831044e-14
726	3.86981814568e-13
727	2.90892512255e-13
728	4.42644239849e-13
729	5.39558714562e-12
730	1.92068545914e-13
731	3.9796509052e-13
732	4.19176570104e-14
733	7.72735442057e-14
734	2.09954693611e-13
735	1.7900500255e-13
736	8.1456572583e-14
737	2.4051004308e-13
738	2.19736982631e-13
739	3.60089533087e-13
740	5.02444350273e-14
741	2.38162838143e-13
742	8.11556501733e-14
743	3.90657768816e-14
744	4.00242498335e-14
745	5.50625998334e-12
746	7.62111670768e-14
747	5.82239858e-12
748	2.34484221861e-13
749	3.81337576439e-14
750	3.92070376935e-14
751	1.93365918013e-13
752	4.91476140555e-13
753	5.40860927252e-12
754	3.70644796819e-13
755	1.6886007956e-13
756	1.25738371853e-13
757	4.06004198076e-14
758	1.71405090376e-13
759	1.58476705534e-13
760	4.3918004925e-13
761	1.5352935869e-13
762	2.30859390424e-13
763	1.56612587955e-13
764	2.93500402006e-13
765	2.32658504622e-13
766	4.14235224841e-13
767	3.99515531031e-14
768	7.80645882259e-14
769	5.44192648053e-12
770	2.12749846559e-13
771	4.81512023324e-14
772	5.30357434427e-12
773	3.864243104e-13
774	5.66534215109e-12
775	3.81337576439e-14
776	5.25297954908e-12
777	1.74274184523e-13
778	2.02972516533e-13
779	2.05731419535e-13
780	4.46199119174e-13
781	5.70022650311e-13
782	1.11978109932e-13
783	1.04879552758e-13
784	3.49636558995e-13
785	3.98893425508e-14
786	4.58437004592e-14
787	2.82101978642e-13
788	3.89157277967e-14
789	4.23923287062e-14
790	7.37617644971e-14
791	4.01591698083e-14
792	3.48198218303e-13
793	1.32108969813e-13
794	1.62821582809e-13
795	1.00579359397e-13
796	4.15204379082e-14
797	2.13267336351e-13
798	5.06687227502e-12
799	1.21983861914e-13
800	5.63606882777e-12
801	3.78806805298e-14
802	3.96257385555e-14
803	5.15832298101e-12
804	5.40184040356e-12
805	5.69181859717e-12
806	4.26624359423e-14
807	3.45836257399e-13
808	5.0092704387e-14
809	1.36024964835e-13
810	5.43557324516e-12
811	5.2690613835e-12
812	9.00529414586e-14
813	1.13654247724e-13
814	3.87107793267e-13
815	5.55364086565e-13
816	7.60079632602e-14
817	3.42739922174e-13
818	1.47235418412e-13
819	5.60588812002e-12
820	4.43326837611e-13
821	5.73407264319e-14
822	4.40402369133e-14
823	5.74748207466e-12
824	5.92827443127e-13
825	5.16231242588e-12
826	1.25812384019e-13
827	5.89983464285e-13
828	5.81441197315e-12
829	2.69801967514e-13
830	5.61633752881e-12
831	2.00731324497e-13
832	7.16059016608e-14
833	7.81865049748e-14
834	5.03186375814e-13
835	2.4559339386e-13
836	5.83734465242e-14
837	2.2607230371e-13
838	3.84910580874e-13
839	4.26545495917e-14
840	5.51620110248e-12
841	3.81940673244e-14
842	3.7990677197e-13
843	1.97201182017e-13
844	2.35303683529e-13
845	3.49548388514e-13
846	1.12289864548e-13
847	3.29894195357e-13
848	3.43960018791e-13
849	3.27105357155e-13
850	7.9981494845e-14
851	1.44189398062e-13
852	7.02322182224e-14
853	4.64635235702e-13
854	4.187405214e-14
855	7.02322182224e-14
856	6.02620454426e-12
857	8.5441773916e-10
858	5.15240275293e-12
859	5.02266820343e-12
860	3.81849701712e-08
861	5.29342773445e-12
862	1.29288103358e-08
863	5.32454391781e-12
864	5.12281642834e-12
865	9.18581727696e-11
866	5.11849146676e-12
867	5.21533347101e-12
868	9.18581727696e-11
869	5.1966085748e-12
870	5.21581087738e-12
871	1.04770477949e-11
872	5.18392321067e-12
873	5.15211431228e-12
874	5.18392321067e-12
875	4.99007444282e-12
876	5.32454391781e-12
877	5.08770415817e-12
878	5.29227314094e-12
879	5.18359127076e-12
880	5.23380649802e-12
881	5.21600899422e-12
882	5.22670650143e-12
883	4.99007444282e-12
884	5.08559591993e-12
885	5.24634120729e-12
886	5.22216259178e-12
887	5.15211431228e-12
888	5.26003058471e-12
889	5.38981334191e-12
890	5.1930021383e-12
891	4.99007444282e-12
892	4.99007444282e-12
893	5.09094415397e-12
894	5.08648224037e-12
895	5.18400357114e-12
896	2.54988327346e-06
897	1.06912553132e-05
898	1.49576742075e-06
899	1.08974402546e-06
900	1.50470551635e-06
901	1.34610433447e-06
902	1.61917215319e-06
903	1.35527287486e-06
904	1.11167431101e-06
905	1.57003113204e-06
906	1.04972246461e-05
907	1.99849352184e-06
908	4.00511123574e-05
909	1.33918535034e-06
910	1.12438742513e-06
911	1.07166078027e-06
912	1.20245882398e-06
913	3.07242205756e-06
914	1.40163200181e-06
915	5.53634651997e-06
916	4.86149092241e-05
917	2.79971727321e-06
918	1.07166078027e-06
919	1.46222906067e-06
920	3.01694457522e-06
921	4.4462294601e-05
922	5.35777918945e-06
923	1.36605626751e-06
924	1.66432058738e-06
925	5.07209989304e-05
926	3.79488463709e-06
927	1.21468298333e-05
928	1.14185428602e-06
929	1.11601578209e-06
930	5.88156276739e-06
931	1.22961674867e-06
932	9.09822840207e-06
933	1.39498548419e-06
934	1.3837156247e-05
935	1.17875956802e-06
936	2.21112197456e-06
937	1.12036919757e-06
938	1.31394766203e-06
939	1.26870313994e-06
940	1.30478091207e-06
941	1.67569259401e-06
942	1.84502127344e-06
943	1.19781469532e-06
944	1.52721507821e-06
945	1.0996046842e-06
946	2.42171013865e-05
947	1.74794038463e-05
948	1.87392675794e-06
949	1.37340275799e-06
950	1.47715209901e-06
951	3.09016968461e-05
952	1.39716089378e-05
953	1.55666663571e-05
954	1.76529055458e-06
955	1.31800031126e-06
956	1.13811724423e-06
957	1.84311221945e-06
958	1.26537693728e-06
959	5.90140544932e-06
960	1.34156173902e-05
961	2.04044485134e-06
962	5.35748973023e-06
963	1.37946339999e-06
964	1.36204849899e-06
965	1.28135053811e-06
966	1.65893029429e-05
967	1.67990919751e-05
968	3.24467983621e-06
969	1.43501849667e-06
970	1.25552409143e-06
971	1.44352414764e-06
972	3.09113644828e-06
973	3.16372370013e-06
974	1.16471171621e-06
975	1.71694506108e-06
976	1.73307493875e-06
977	1.33072614742e-06
978	1.60356620175e-05
979	1.13978158996e-06
980	1.90123039446e-05
981	1.62379760479e-06
982	9.48921979156e-06
983	7.96920950264e-06
984	1.62679061127e-06
985	1.11978394568e-06
986	1.18959328547e-06
987	1.12328245771e-06
988	1.5669431598e-06
989	1.48363394097e-06
990	1.85226456304e-06
991	2.60485888392e-06
992	1.33218518074e-06
993	2.29635670954e-05
994	1.64183137612e-06
995	9.85234794831e-06
996	1.10897625741e-06
997	1.33470648511e-05
998	2.11093119489e-06
999	1.25962985345e-05
1000	1.19695838932e-06
1001	2.64928228728e-06
1002	1.092195283e-06
1003	1.32919444995e-05
1004	1.69934526026e-05
1005	1.19703314736e-06
1006	1.96341697017e-05
1007	1.31920454588e-06
1008	1.38544593746e-06
1009	1.73386687444e-06
1010	1.47449864348e-06
1011	1.48760095952e-06
1012	2.62612944973e-06
1013	4.65298701421e-05
1014	2.25213108012e-06
1015	1.49712092861e-06
1016	1.12933709256e-06
1017	2.14333356545e-05
1018	1.73190317895e-06
1019	1.74751820627e-06
1020	1.93895486169e-06
1021	2.03215210026e-06
1022	1.24376398687e-06
1023	1.27479134228e-06
1024	1.19520845456e-05
1025	2.1428107447e-06
1026	1.3344834617e-05
1027	1.08539262737e-06
1028	3.88742032145e-05
1029	5.42005048962e-05
1030	1.36050939533e-06
1031	1.55524722031e-06
1032	2.16364555513e-06
1033	1.86336668992e-06
1034	1.11339516553e-06
1035	1.73155235935e-06
1036	1.75364652008e-06
1037	1.58770607308e-06
1038	1.20461102022e-06
1039	3.80836729739e-06
1040	8.31566571309e-06
1041	1.62593625019e-06
1042	1.27401562337e-06
1043	1.33459388865e-06
1044	1.39631555847e-06
1045	1.36656952475e-06
1046	1.0852414248e-06
1047	1.09914276614e-05
1048	1.6044498798e-05
1049	1.11828771848e-05
1050	1.18436121893e-06
1051	1.8218723377e-06
1052	2.07624005775e-06
1053	1.40280718486e-06
1054	6.93161731749e-06
1055	1.87459760391e-06
1056	8.49521694323e-06
1057	1.11029973872e-06
1058	2.0105595784e-06
1059	2.27809741415e-05
1060	1.86775694447e-06
1061	1.20304835445e-06
1062	1.57995191385e-06
1063	3.25834173648e-06
1064	1.35285177321e-06
1065	1.07916181339e-06
1066	1.9039350885e-06
1067	1.968323645e-06
1068	5.99234844584e-06
1069	3.24629715358e-06
1070	5.83668302322e-06
1071	1.08880190492e-06
1072	1.33091307425e-06
1073	1.28987041007e-06
1074	9.10180295549e-05
1075	1.0322147811e-05
1076	2.08717961405e-05
1077	8.46990214609e-05
1078	2.58716968854e-05
1079	1.76701313334e-05
1080	2.54561902291e-06
1081	1.42839638383e-06
1082	1.73275053924e-06
1083	1.3881053976e-05
1084	3.36421308083e-06
1085	1.79764664953e-06
1086	2.36976503846e-05
1087	1.15222537012e-06
1088	1.60694630808e-06
1089	1.18918552019e-06
1090	1.17691802565e-06
1091	3.07184934717e-06
1092	9.01810971749e-06
1093	1.1717635428e-06
1094	1.19821232111e-06
1095	1.86733447405e-06
1096	1.07166078027e-06
1097	1.36121667293e-06
1098	2.04843321862e-06
1099	1.75807845721e-06
1100	1.80877170357e-06
1101	1.73687003332e-05
1102	1.70915211398e-06
1103	1.1446244662e-06
1104	2.37539278057e-06
1105	1.092195283e-06
1106	1.35873049067e-06
1107	2.0114906051e-05
1108	1.62762754204e-06
1109	5.47196190997e-06
1110	9.20648458797e-06
1111	1.3100144528e-06
1112	7.14185954322e-06
1113	2.09597211909e-06
1114	5.94685309181e-06
1115	1.49420972586e-06
1116	5.3956990709e-06
1117	1.80297846958e-05
1118	1.35384014738e-06
1119	1.07166078027e-06
1120	1.6715595638e-06
1121	1.36717900381e-06
1122	2.52448625764e-06
1123	1.05138811777e-05
1124	1.94093406995e-05
1125	1.60707141158e-05
1126	5.55210912624e-05
1127	1.25598504719e-06
1128	1.39563347083e-05
1129	1.76192884829e-06
1130	9.17660727211e-06
1131	1.39445564505e-06
1132	1.97086372172e-05
1133	1.57218830507e-06
1134	1.16050640989e-06
1135	1.14238947945e-05
1136	5.34678790968e-06
1137	1.30418205408e-06
1138	1.17261444516e-06
1139	1.34866062788e-06
1140	2.08035968309e-06
1141	1.23499358662e-06
1142	1.81715757073e-06
1143	1.46821151632e-06
1144	1.54921235253e-06
1145	1.07166078027e-06
1146	2.08959379113e-05
1147	1.13969762158e-06
1148	1.89150926724e-06
1149	1.72761705307e-05
1150	2.54971250377e-06
1151	1.72335000288e-06
1152	1.47430382312e-06
1153	1.9118139243e-05
1154	1.14482064957e-06
1155	2.9203609733e-06
1156	1.34961509947e-05
1157	1.32726516785e-06
1158	1.90023030314e-06
1159	2.02607893373e-06
1160	1.23325250164e-05
1161	3.66416284439e-06
1162	1.23083852824e-06
1163	1.41086634118e-05
1164	4.97824005732e-06
1165	3.05962783743e-05
1166	1.83041057675e-06
1167	1.41346222958e-06
1168	1.11524188436e-06
1169	1.27755109264e-06
1170	1.53008208882e-06
1171	4.17502176401e-05
1172	1.72939254761e-05
1173	5.90018853189e-05
1174	1.28036797836e-06
1175	1.93619139449e-05
1176	1.0850766981e-06
1177	1.19066097084e-06
1178	1.60936386529e-06
1179	6.17617778123e-06
1180	7.6509241333e-06
1181	1.31876106698e-05
1182	3.92949558136e-05
1183	1.84453175205e-06
1184	2.20270619983e-05
1185	2.30530491706e-05
1186	1.20584010802e-06
1187	1.65676869306e-06
1188	1.49420925676e-06
1189	1.5542643913e-06
1190	1.56639088367e-06
1191	1.69803512545e-05
1192	2.40719224307e-06
1193	1.1799240702e-06
1194	1.09493636958e-06
1195	8.96531039042e-06
1196	3.30147945521e-05
1197	2.92338556497e-05
1198	1.29381396383e-05
1199	2.92817030107e-05
1200	1.15445973067e-06
1201	9.06599208987e-06
1202	1.66866573869e-06
1203	1.37648107383e-06
1204	2.37404338489e-06
1205	1.45030317692e-05
1206	1.07166078027e-06
1207	9.27340648025e-06
1208	1.08526771676e-06
1209	1.0547432435e-05
1210	5.76741477264e-06
1211	2.50691214187e-05
1212	1.47198661094e-06
1213	1.27522510909e-06
1214	1.71584106131e-05
1215	1.56539944121e-06
1216	1.3717261587e-06
1217	6.47823363777e-06
1218	1.15030471768e-06
1219	9.85140492788e-06
1220	2.2490930566e-06
1221	1.92669417669e-06
1222	2.15316671125e-05
1223	1.7559214863e-06
1224	1.07858359308e-06
1225	1.45191404931e-06
1226	5.2717799436e-06
1227	2.03762320786e-06
1228	1.33319788923e-06
1229	1.60670293363e-06
1230	1.95891006723e-05
1231	1.9524420356e-06
1232	1.30931335222e-06
1233	1.08354708372e-06
1234	1.23111525437e-06
1235	2.48564100435e-06
1236	1.5505541099e-06
1237	7.15080427292e-06
1238	1.94673849452e-05
1239	1.93647440174e-06
1240	1.121851195e-06
1241	1.3341078233e-06
1242	1.25353234702e-05
1243	1.69816233638e-05
1244	1.18747740671e-06
1245	1.80216425179e-06
1246	1.51823489096e-06
1247	1.51995088528e-06
1248	1.16572897851e-06
1249	1.2290096962e-06
1250	1.78833620767e-05
1251	1.23478542752e-06
1252	1.08816013091e-06
1253	1.08880190492e-06
1254	1.29191720966e-06
1255	1.98439958245e-05
1256	1.87947232165e-05
1257	1.70677160966e-06
1258	2.07594732699e-06
1259	1.67117440398e-06
1260	1.51689949984e-06
1261	1.89182315082e-06
1262	1.41019900102e-06
1263	1.26238264648e-06
1264	1.10294025668e-06
1265	4.99115176649e-06
1266	1.64973200682e-06
1267	1.88323316987e-05
1268	1.23977942706e-06
1269	1.94951353044e-05
1270	1.08029722468e-06
1271	1.30834117109e-05
1272	1.34745561162e-05
1273	1.99384716717e-06
1274	1.94651212674e-06
1275	1.76512975371e-06
1276	1.19513993953e-06
1277	2.53818218e-06
1278	4.81059897132e-06
1279	1.57972904151e-06
1280	1.08887519321e-05
1281	1.60796619097e-06
1282	1.90593811361e-06
1283	4.07317078605e-06
1284	1.8206519587e-06
1285	6.92216910238e-06
1286	1.34890382759e-06
1287	1.08556337479e-05
1288	1.24534770362e-05
1289	5.70081862856e-05
1290	1.24691796129e-05
1291	1.73537323e-05
1292	1.71960011251e-06
1293	8.48412817299e-06
1294	1.82383554272e-06
1295	1.10223965599e-06
1296	1.43861187472e-06
1297	1.41723877621e-06
1298	2.02555144681e-06
1299	1.41414606344e-06
1300	5.73628955612e-06
1301	1.35387417388e-06
1302	1.62581810176e-05
1303	1.71583143366e-06
1304	1.44666889127e-06
1305	1.64847374374e-05
1306	1.38025156007e-06
1307	1.68800384842e-06
1308	1.25042089979e-06
1309	1.62683669925e-06
1310	1.42318517214e-06
1311	1.41427782482e-06
1312	4.16635779352e-05
1313	5.85392777263e-06
1314	1.33042134945e-06
1315	1.5792880652e-06
1316	1.44887192261e-06
1317	2.03242937489e-06
1318	2.12215459984e-06
1319	1.2901100586e-06
1320	6.49643028037e-06
1321	4.7000833422e-06
1322	2.08425849387e-06
1323	1.27343314743e-05
1324	1.60836289591e-06
1325	1.7166095651e-06
1326	1.08201995375e-06
1327	3.62519838743e-05
1328	1.30417229525e-06
1329	1.99517887864e-05
1330	1.76904804635e-05
1331	2.08394861721e-05
1332	1.96557825712e-06
1333	1.33869811883e-06
1334	4.16165512974e-05
1335	1.91675393331e-05
1336	7.73717257467e-06
1337	5.37706946905e-06
1338	5.65217485761e-06
1339	1.38244324896e-05
1340	8.24269180873e-06
1341	1.88693334447e-05
1342	1.27641399163e-06
1343	2.27308003064e-06
1344	1.21174896455e-05
1345	2.16699699385e-06
1346	1.49642042161e-06
1347	1.94019292187e-06
1348	1.50212741421e-06
1349	2.14687739513e-06
1350	1.55213845196e-06
1351	1.1759117489e-05
1352	5.89132410153e-05
1353	1.09185422632e-06
1354	1.10871248219e-06
1355	1.52766322492e-06
1356	1.28099925082e-06
1357	2.11781958709e-06
1358	6.86916601342e-06
1359	1.16113200174e-05
1360	1.78543703656e-06
1361	0.000129666083938
1362	1.09297231962e-06
1363	1.2405888447e-06
1364	1.49007422565e-06
1365	6.96413839335e-06
1366	2.08684950817e-06
1367	2.28668848989e-05
1368	1.31800031126e-06
1369	3.58845679139e-05
1370	1.48508261392e-05
1371	1.59941479232e-06
1372	1.12447983813e-06
1373	1.9809472241e-06
1374	6.05609412742e-06
1375	1.04121503007e-05
1376	5.42400242423e-05
1377	2.65949855002e-05
1378	1.33079862191e-06
1379	1.67779631225e-06
1380	1.21499100354e-05
1381	1.40448652382e-06
1382	1.60106653397e-06
1383	1.31058544868e-06
1384	1.65138100432e-06
1385	1.68193333603e-06
1386	1.07166078027e-06
1387	1.45029967242e-06
1388	1.20222311789e-05
1389	7.49830227684e-06
1390	2.68252548245e-05
1391	2.4336348551e-05
1392	1.56969900621e-06
1393	8.35252470619e-06
1394	1.07864886684e-06
1395	1.28644937598e-06
1396	1.73368332855e-06
1397	1.63495862355e-06
1398	7.08534144062e-06
1399	2.55210169568e-05
1400	1.70962623759e-06
1401	2.46865792459e-06
1402	1.1318665173e-05
1403	1.12933709256e-06
1404	1.92276407982e-06
1405	5.65066064557e-06
1406	1.46991427403e-06
1407	5.44977247237e-06
1408	5.57392736564e-06
1409	1.551245582e-05
1410	1.32114067778e-06
1411	2.58945297251e-06
1412	1.36684629018e-06
1413	1.76547780965e-06
1414	1.16148574797e-06
1415	1.38287594639e-06
1416	1.50627530936e-05
1417	1.45672081499e-06
1418	1.50989683431e-06
1419	3.09711971714e-06
1420	2.25320798854e-05
1421	1.78209229055e-06
1422	1.78049505743e-06
1423	1.93498321722e-06
1424	1.30044427734e-06
1425	5.57822328957e-06
1426	1.82132348217e-06
1427	2.76833387232e-06
1428	1.42534400193e-06
1429	1.75817278425e-06
1430	1.0821361288e-06
1431	2.90160530594e-05
1432	1.70616071544e-06
1433	1.59224299802e-06
1434	2.16781893489e-06
1435	5.38402847065e-06
1436	1.86435032361e-06
1437	9.13334954241e-06
1438	1.47056704298e-06
1439	4.66033992015e-06
1440	3.30784921696e-05
1441	1.97314694633e-06
1442	1.31348911819e-06
1443	1.14495614565e-06
1444	2.03763248773e-06
1445	1.80642856276e-06
1446	5.62889989293e-06
1447	1.96969563567e-05
1448	1.76002096069e-06
1449	1.32608852432e-05
1450	2.19085413796e-06
1451	1.65516117092e-06
1452	1.34846025263e-06
1453	1.87101883081e-06
1454	1.72718749802e-06
1455	1.19588545026e-06
1456	1.76223069356e-05
1457	8.73374979781e-06
1458	3.3240468189e-05
1459	2.25356393463e-06
1460	7.90340844386e-06
1461	1.60398855727e-06
1462	2.02099333947e-06
1463	2.23412437289e-06
1464	1.52152946862e-06
1465	0.00614563499922
1466	1.07166078027e-06
1467	1.86748531446e-05
1468	1.32201338824e-06
1469	1.74888084599e-06
1470	1.11390583869e-05
1471	2.32252102453e-05
1472	2.11129440332e-06
1473	2.66007976671e-06
1474	1.09348393969e-06
1475	2.05141229169e-06
1476	1.12479245404e-06
1477	1.66255442368e-06
1478	1.26928387104e-06
1479	2.05463898961e-06
1480	1.17077945278e-05
1481	1.25428198782e-06
1482	1.71038385392e-06
1483	5.10965512446e-05
1484	3.56235515908e-06
1485	3.6320900723e-05
1486	1.38008042509e-06
1487	4.21372553992e-06
1488	1.81919797865e-05
1489	1.31798870888e-06
1490	1.33370945004e-06
1491	1.80881460439e-05
1492	1.56408764455e-06
1493	1.28049650571e-06
1494	1.36504115169e-06
1495	1.88477850307e-06
1496	1.79424321433e-06
1497	2.58598565593e-06
1498	1.63748284577e-06
1499	1.15381234458e-06
1500	1.41531562144e-06
1501	2.6599520141e-06
1502	1.87491252677e-06
1503	1.37839856741e-06
1504	1.73993134691e-06
1505	2.56921863478e-06
1506	1.25609686687e-06
1507	1.51259156652e-06
1508	1.58206672575e-06
1509	4.81503389819e-05
1510	1.12732302047e-06
1511	1.870549526e-06
1512	5.73015734575e-06
1513	3.56971051228e-05
1514	2.07940105288e-06
1515	1.9335845428e-06
1516	2.37219615612e-05
1517	5.8725850473e-06
1518	1.92646145945e-06
1519	4.40820922439e-06
1520	1.88976902384e-05
1521	2.17580507384e-06
1522	5.03003346373e-05
1523	3.90212084294e-05
1524	6.22325566993e-06
1525	2.13610500592e-06
1526	1.53657884124e-06
1527	2.1656807714e-06
1528	9.81240802903e-06
1529	1.82182072245e-06
1530	1.5881637354e-05
1531	1.43853149273e-06
1532	6.05578196252e-06
1533	1.36902100235e-06
1534	4.6414910389e-05
1535	9.93244492681e-06
1536	6.21066374464e-06
1537	2.39728211734e-06
1538	9.89662642406e-06
1539	1.25816595888e-05
1540	3.67244052251e-05
1541	1.4439573784e-06
1542	8.09238713926e-06
1543	1.91344143726e-06
1544	1.98101323443e-06
1545	5.6953286421e-06
1546	1.08621502295e-06
1547	1.78089111604e-05
1548	1.41733368303e-06
1549	6.05022561022e-06
1550	1.51719747292e-06
1551	2.49677044745e-05
1552	1.18023632273e-06
1553	4.24304287639e-06
1554	2.44384779689e-05
1555	1.74651208071e-06
1556	3.80216098148e-06
1557	2.14527817479e-05
1558	1.08583187908e-06
1559	2.60491274534e-05
1560	1.07166078027e-06
1561	3.87732927848e-06
1562	1.67497436241e-06
1563	1.89646916224e-05
1564	1.78833587067e-06
1565	2.16805819729e-06
1566	1.37641584613e-06
1567	1.73442465803e-06
1568	1.30748737979e-06
1569	2.15968793366e-06
1570	1.8978859515e-05
1571	7.91047534501e-06
1572	5.78028108624e-06
1573	2.13299425406e-06
1574	1.04803773312e-05
1575	1.53693310116e-06
1576	1.82646207875e-06
1577	0.00715943461862
1578	1.50679033488e-06
1579	1.13303187233e-06
1580	1.21462893814e-05
1581	1.07166078027e-06
1582	1.58973938329e-06
1583	2.16066115932e-06
1584	2.82095879238e-05
1585	2.13000126388e-06
1586	1.0852414248e-06
1587	1.70470294382e-06
1588	1.59317445398e-06
1589	2.87123835818e-05
1590	4.18364382311e-05
1591	2.14617724501e-06
1592	1.3541495597e-06
1593	1.70261028343e-06
1594	2.52803917322e-06
1595	1.78548960689e-06
1596	1.95873277704e-06
1597	1.63897964274e-05
1598	1.76258580961e-05
1599	1.29572534986e-06
1600	1.61176999155e-05
1601	1.33142768052e-06
1602	1.25291292221e-06
1603	2.20837330294e-05
1604	1.98118991328e-05
1605	1.3335541945e-05
1606	1.87316483765e-06
1607	1.10134526145e-06
1608	1.83419521909e-05
1609	1.37260060468e-05
1610	2.3545155331e-05
1611	2.01464148423e-06
1612	2.69448481732e-05
1613	2.56699421947e-05
1614	1.16873444709e-05
1615	1.62044876086e-06
1616	2.48439706472e-06
1617	4.62659907364e-05
1618	7.61539135116e-05
1619	1.54868015694e-05
1620	1.57546090473e-05
1621	5.42716541433e-05
1622	2.40920933087e-05
1623	1.43018590358e-05
1624	1.50025395323e-06
1625	1.62340573891e-06
1626	3.34088870864e-05
1627	1.08539262737e-06
1628	2.01173899702e-06
1629	1.27736645865e-06
1630	2.55454286375e-06
1631	1.32258931569e-06
1632	1.26042858156e-05
1633	1.37137684489e-06
1634	1.49926341362e-06
1635	1.46764881707e-06
1636	1.98778856487e-06
1637	1.53877333671e-05
1638	1.52862258671e-06
1639	1.23491563651e-05
1640	1.13064832758e-06
1641	1.84271652661e-06
1642	2.31503082718e-06
1643	1.63282394331e-05
1644	9.32111446865e-06
1645	2.48527106607e-06
1646	1.93689900132e-06
1647	1.65982391962e-06
1648	1.27186962739e-06
1649	1.46836968967e-06
1650	1.35454268632e-06
1651	1.51181385439e-06
1652	1.0334625786e-05
1653	1.01940620588e-05
1654	1.21593002564e-06
1655	1.70502046977e-06
1656	3.04226520966e-06
1657	1.12438742513e-06
1658	2.09263466907e-06
1659	1.22512570837e-05
1660	1.67453681644e-06
1661	2.05242082428e-06
1662	2.07679058173e-05
1663	5.97201461131e-05
1664	1.11580197362e-06
1665	1.709654831e-05
1666	4.58113801393e-05
1667	1.3196431678e-06
1668	1.79505527408e-05
1669	2.12935290849e-05
1670	1.50320623735e-06
1671	1.7222042793e-06
1672	1.32631067106e-06
1673	2.26703775647e-06
1674	4.32425759904e-06
1675	1.68510195285e-05
1676	1.26183027076e-06
1677	2.01361607496e-06
1678	2.27251790054e-06
1679	1.92380363808e-06
1680	1.96230097064e-06
1681	1.37106771521e-06
1682	1.56681966065e-06
1683	1.78985460277e-05
1684	6.18238992112e-06
1685	1.45189710528e-05
1686	1.51472148201e-06
1687	6.23057218643e-06
1688	1.45786188595e-05
1689	1.80225860331e-05
1690	1.11009587798e-06
1691	1.76953155961e-06
1692	6.20135418417e-06
1693	1.08559008542e-06
1694	1.90544476373e-06
1695	1.68089956475e-06
1696	1.3185008423e-06
1697	2.99770733402e-05
1698	1.92688602015e-06
1699	1.95596263753e-06
1700	3.1084506473e-06
1701	1.41646483462e-06
1702	7.21537817926e-05
1703	2.05941559385e-06
1704	1.33259002361e-06
1705	1.38490397364e-06
1706	1.61477290121e-06
1707	2.54452157807e-05
1708	1.19374064472e-06
1709	1.86925156408e-06
1710	2.49461883477e-06
1711	1.38507428627e-06
1712	1.43115787329e-05
1713	1.37891845177e-06
1714	2.64133896322e-05
1715	1.96265839353e-06
1716	1.78469599917e-06
1717	2.05927320526e-05
1718	0.00451545130618
1719	1.72248695182e-06
1720	1.72777141209e-06
1721	1.63652717079e-05
1722	8.28285303269e-06
1723	8.52884221198e-06
1724	7.58312601579e-06
1725	1.61787920701e-06
1726	1.86681164522e-06
1727	1.7435618478e-06
1728	1.433242555e-06
1729	2.03535891578e-06
1730	3.03252473088e-05
1731	1.23627769918e-06
1732	1.66173319809e-06
1733	1.38681680444e-06
1734	8.34093731219e-06
1735	1.76316331013e-05
1736	2.24219123172e-05
1737	1.12278559424e-05
1738	1.51699840424e-06
1739	1.20358827189e-06
1740	5.78220280492e-06
1741	1.55201761085e-05
1742	2.02671255856e-06
1743	1.45442273078e-06
1744	2.07872339743e-06
1745	5.08344198677e-06
1746	2.59833322172e-05
1747	1.24894145254e-06
1748	1.18307108271e-06
1749	1.17832139492e-06
1750	1.84020625715e-05
1751	1.6886430338e-06
1752	1.63259354154e-05
1753	1.43212838621e-05
1754	8.02290564986e-06
1755	1.08378420187e-06
1756	1.2337973059e-06
1757	1.86201193968e-05
1758	2.19257489709e-06
1759	1.11089598218e-06
1760	1.11454353521e-06
1761	1.68250010278e-05
1762	1.13110736444e-06
1763	1.82590766861e-06
1764	1.36774081266e-06
1765	1.05208460118e-05
1766	1.97666808759e-06
1767	2.11035387873e-06
1768	2.88709399931e-05
1769	3.22287475084e-05
1770	1.70253701241e-06
1771	3.19076313436e-06
1772	9.26814337522e-06
1773	1.55202677858e-06
1774	7.15254044097e-06
1775	1.76505677293e-06
1776	1.12438742513e-06
1777	8.81254056576e-06
1778	5.91889273939e-06
1779	2.4962594283e-06
1780	3.16199578682e-05
1781	1.3779751023e-06
1782	3.86366720967e-05
1783	2.46113554434e-06
1784	1.20945519801e-06
1785	1.3904857237e-06
1786	2.23263855632e-06
1787	1.42857036494e-06
1788	1.32022355257e-06
1789	1.35881717252e-05
1790	1.83201534336e-06
1791	1.9321146193e-05
1792	1.41092573867e-06
1793	2.20604969576e-05
1794	2.16605275255e-06
1795	1.32028829583e-05
1796	1.08215329335e-05
1797	1.35325177884e-06
1798	1.34607464439e-06
1799	2.17753139729e-05
1800	3.13538579867e-05
1801	1.53745671547e-06
1802	1.16460028232e-06
1803	1.38679767343e-06
1804	2.63175966385e-05
1805	4.38469551221e-06
1806	2.50684311882e-06
1807	2.55374703023e-06
1808	5.05124881224e-06
1809	1.47625540797e-05
1810	1.36816712783e-05
1811	1.04388498336e-05
1812	1.65344096171e-06
1813	2.27426982006e-05
1814	1.26423133917e-06
1815	1.34896308388e-06
1816	1.79417118402e-05
1817	3.1093569469e-05
1818	2.54123460075e-06
1819	1.36796225769e-05
1820	1.86675031549e-06
1821	4.75322461213e-06
1822	1.47026509006e-06
1823	1.90546462015e-05
1824	1.79425075612e-06
1825	1.93046628556e-06
1826	1.52101329905e-05
1827	2.63201481529e-05
1828	1.80302569357e-06
1829	1.30945211103e-06
1830	1.44329654093e-06
1831	1.61635584408e-06
1832	5.79953977322e-06
1833	2.64778369429e-05
1834	1.07166078027e-06
1835	5.40276056697e-05
1836	3.29144181453e-05
1837	1.38298546575e-06
1838	1.11458593562e-06
1839	2.29356134078e-05
1840	1.14483468823e-06
1841	1.64055503069e-06
1842	1.93166473243e-05
1843	6.83122725281e-06
1844	3.0861132073e-06
1845	1.40869397783e-05
1846	3.35973317255e-05
1847	1.39311592104e-06
1848	1.54785936717e-06
1849	1.82668566977e-05
1850	1.42449219753e-06
1851	7.04391188537e-06
1852	3.1467839136e-05
1853	1.31321566611e-06
1854	1.08014744362e-06
1855	1.15905120453e-06
1856	1.48320858573e-06
1857	1.90554784375e-06
1858	5.08304701297e-06
1859	1.62147415402e-06
1860	2.25681446943e-06
1861	1.34089634885e-05
1862	1.69181949784e-06
1863	3.59753865084e-05
1864	1.52741641394e-05
1865	2.21431831347e-06
1866	2.36301887442e-06
1867	1.74999213343e-05
1868	1.66382557069e-05
1869	1.25865017386e-06
1870	1.62126933164e-06
1871	2.07327449114e-06
1872	1.65299617847e-06
1873	1.57351668226e-06
1874	2.37847973558e-06
1875	1.44032939995e-06
1876	1.75878370445e-06
1877	9.75800180413e-06
1878	1.7839240657e-06
1879	2.23362801871e-05
1880	1.33058035128e-06
1881	3.14893539937e-06
1882	2.44825318817e-06
1883	4.13664138431e-05
1884	1.45114122456e-06
1885	2.6783039511e-06
1886	1.55863770806e-05
1887	1.19917237301e-06
1888	3.28366051493e-05
1889	1.18194372124e-06
1890	1.11839708536e-06
1891	1.24569884016e-05
1892	1.1647789303e-06
1893	2.09675520016e-06
1894	2.09534404008e-06
1895	1.37461495175e-06
1896	1.13875974689e-06
1897	2.36302440149e-06
1898	1.41312800966e-05
1899	2.0268459365e-06
1900	3.78101452451e-06
1901	1.51383830201e-06
1902	1.98405242961e-05
1903	1.54197799761e-06
1904	1.40289356668e-06
1905	1.36083327455e-06
1906	1.34516332112e-06
1907	1.61923161748e-06
1908	1.45836221483e-06
1909	3.47598235001e-05
1910	1.47744349198e-06
1911	3.38137928514e-05
1912	0.0954059049008
1913	0.000963149865834
1914	0.000844015019208
1915	0.000630366481738
1916	0.00301035458823
1917	0.0797555596373
1918	0.0692335871101
1919	0.000916010809451
1920	0.0062411673502
1921	0.000893337270603
1922	0.000650320903138
1923	0.00155925771636
1924	0.000646364166843
1925	0.054588957834
1926	0.0055668947349
1927	0.000897246015305
1928	0.000749769567077
1929	0.0666966050896
1930	0.000724383479947
1931	0.000837465017359
1932	0.00514141131171
1933	0.00063322862843
1934	0.000648252122316
1935	0.000870209578726
1936	0.000722965699321
1937	0.000599679560447
1938	0.0800102873493
1939	0.00320857731796
1940	0.00464285555828
1941	0.0516805635156
1942	0.0111348661373
1943	0.0802562509762
1944	0.000989276049468
1945	0.00638969330286
1946	0.0803736782623
1947	0.00487534015466
1948	0.0055055974554
1949	0.000619764484414
1950	0.000645354347963
1951	0.00096770624795
1952	0.0012392035384
1953	0.0548995425344
1954	0.00345769857776
1955	0.00435072328171
1956	0.000614344674819
1957	0.000800318541313
1958	0.000770765786899
1959	0.00630464277284
1960	0.000803007858068
1961	0.000644167778376
1962	0.0795751481505
1963	0.038466602257
1964	0.00240867231362
1965	0.00079127380625
1966	0.0711232529641
1967	0.000591264517185
1968	0.000835849581689
1969	0.000699170704918
1970	0.0023946267306
1971	0.0747319463943
1972	0.00117042650744
1973	0.0011406656798
1974	0.000644847807385
1975	0.00081776995961
1976	0.000903417992251
1977	0.000647072577152
1978	0.000693030748996
1979	0.0738084004108
1980	0.000912170628749
1981	0.00213926236343
1982	0.00194897009248
1983	0.080399285299
1984	0.0754726490619
1985	0.0827377890645
1986	0.0644584211946
1987	0.00205370002649
1988	0.000838370129447
1989	0.038698197524
1990	0.000715926935689
1991	0.000872183882109
1992	0.000672499644535
1993	0.083532551059
1994	0.00459041749938
1995	0.000978984119404
1996	0.000607938614293
1997	0.0599087626131
1998	0.000901426327493
1999	0.000813430058238
2000	0.000782101164434
2001	0.000972992477782
2002	0.00456877510979
2003	0.00178589248009
2004	0.0009151909845
2005	0.0673733314233
2006	0.000868958424692
2007	0.0152311551645
2008	0.000627733681977
2009	0.000949936518353
2010	0.00392498286544
2011	0.000826840219188
2012	0.000673076244914
2013	0.000633067532212
2014	0.000634780576274
2015	0.000603622513004
2016	0.000688607348462
2017	0.000613177254343
2018	0.000962538907572
2019	0.00314898032773
2020	0.0693892638964
2021	0.0137968609807
2022	0.00090253120188
2023	0.00075414372766
2024	0.000930717249005
2025	0.000745218117581
2026	0.0104008024248
2027	0.000869598536128
2028	0.00528090388459
2029	0.00128358360417
2030	0.0796512314241
2031	0.00151782314421
2032	0.00638122627789
2033	0.0737224494919
2034	0.00061499447178
2035	0.000746859984901
2036	0.000881803700673
2037	0.0694746546152
2038	0.00434279521505
2039	0.00555904071808
2040	0.0632704828378
2041	0.000624084178519
2042	0.00496657258619
2043	0.0743263890607
2044	0.00739948375602
2045	0.0751870752168
2046	0.0557459388882
2047	0.00751923990225
2048	0.00203979540589
2049	0.00080389592328
2050	0.000709203330465
2051	0.000631083308023
2052	0.0053138779337
2053	0.00590976812931
2054	0.00670952717012
2055	0.0317820476982
2056	0.0440773214007
2057	0.00281978053271
2058	0.0307332488746
2059	0.0820648003753
2060	0.0444554950567
2061	0.000866797955368
2062	0.00620034477612
2063	0.0608702989646
2064	0.0786888169928
2065	0.00426960452774
2066	0.000741177314745
2067	0.00762984884731
2068	0.00614727824592
2069	0.0701060068567
2070	0.000645247920406
2071	0.00644687759701
2072	0.00567922623733
2073	0.0822558710075
2074	0.0710115281474
2075	0.00207332300902
2076	0.000685551639923
2077	0.0565325786085
2078	0.0841362921007
2079	0.000587569140465
2080	0.000675482604475
2081	0.00847641824727
2082	0.000695850253311
2083	0.0640363615118
2084	0.0566175492511
2085	0.00090168014201
2086	0.0601849440125
2087	0.00720469790849
2088	0.0824696206637
2089	0.000701430611186
2090	0.0809976487372
2091	0.000763701604561
2092	0.0115043415089
2093	0.0755792548355
2094	0.00061036691107
2095	0.0665161323179
2096	0.00109473838333
2097	0.000790261709805
2098	0.0517899128337
2099	0.00121551077954
2100	0.000616423156354
2101	0.00281873635871
2102	0.00587427619073
2103	0.0772286074372
2104	0.0776000595682
2105	0.00063323896965
2106	0.000598723329131
2107	0.000843274911646
2108	0.0723427116983
2109	0.0597589784919
2110	0.00214055945918
2111	0.00713405859974
2112	0.068649890402
2113	0.000632122195995
2114	0.000674770391615
2115	0.0601272836768
2116	0.00169509544329
2117	0.00567716640469
2118	0.0800760087325
2119	0.000661456068825
2120	0.000693420492382
2121	0.069224744441
2122	0.0640866277801
2123	0.083671537365
2124	0.0731322131969
2125	0.00571277888759
2126	0.000959733036427
2127	0.00496200914692
2128	0.00590350913148
2129	0.000762210829811
2130	0.000642211430777
2131	0.0821331184463
2132	0.0039107586038
2133	0.00548706798015
2134	0.00440901983897
2135	0.00454280046122
2136	0.0325115938933
2137	0.00590262631789
2138	0.0063483749127
2139	0.0768208356074
2140	0.0738887447261
2141	0.000945012502718
2142	0.0841931966577
2143	0.00441670629546
2144	0.00403772349298
2145	0.00114348346124
2146	0.000695435395958
2147	0.0128092518928
2148	0.00487883338412
2149	0.00553596187049
2150	0.0801549354835
2151	0.00472482772938
2152	0.000663587869909
2153	0.00718281225871
2154	0.0692197710316
2155	0.001424555697
2156	0.000700881325904
2157	0.000854572548856
2158	0.000631162387695
2159	0.000871655602592
2160	0.000697493641902
2161	0.00337478769451
2162	0.000680088303238
2163	0.0025982034568
2164	0.0397659841921
2165	0.0560370066992
2166	0.00065815568193
2167	0.000602808546614
2168	0.000595035402577
2169	0.00488353515598
2170	0.000701925259984
2171	0.000995684102574
2172	0.0798922873344
2173	0.000759759644682
2174	0.00426286579434
2175	0.000771034969763
2176	0.00415372369238
2177	0.000901260671081
2178	0.000595467468156
2179	0.0419427258645
2180	0.00555577690049
2181	0.000658595278849
2182	0.000666795557833
2183	0.00654399668568
2184	0.0779966295017
2185	0.000976383451984
2186	0.000825857983563
2187	0.00655616567779
2188	0.0809655358083
2189	0.0119872328394
2190	0.0726104285299
2191	0.00539163566544
2192	0.000828349793097
2193	0.000687687938836
2194	0.00560940440065
2195	0.000587569140465
2196	0.00555627421277
2197	0.000709924643711
2198	0.00240508674716
2199	0.00721616217895
2200	0.0728483446939
2201	0.0807427317945
2202	0.000871018543386
2203	0.0037276065404
2204	0.000598846249558
2205	0.000803298740441
2206	0.0860525199535
2207	0.00183112187755
2208	0.00451240318946
2209	0.00117521769262
2210	0.0423745400567
2211	0.00143740953032
2212	0.0620911782842
2213	0.0455646560488
2214	0.00143873237803
2215	0.00391996333668
2216	0.0587370264812
2217	0.000645907252312
2218	0.084155857454
2219	0.000634667943958
2220	0.0821560251923
2221	0.0014848806435
2222	0.00156020536771
2223	0.00598614346506
2224	0.00600882848217
2225	0.000854024933263
2226	0.00204824872535
2227	0.000623027936791
2228	0.000796168449533
2229	0.0830078475968
2230	0.00065540314788
2231	0.00083155751326
2232	0.00283712365935
2233	0.0851734706146
2234	0.00623326866463
2235	0.00234529661527
2236	0.00076867816835
2237	0.0548389993185
2238	0.000639765643155
2239	0.00321067144483
2240	0.0830569660536
2241	0.00540078572539
2242	0.00242376790684
2243	0.00273612714267
2244	0.0833419828893
2245	0.000610437522888
2246	0.00476286767826
2247	0.00547374543226
2248	0.000706493147021
2249	0.00120944373158
2250	0.00488180885489
2251	0.000630771366603
2252	0.000896712416579
2253	0.0678722214805
2254	0.00346521783841
2255	0.000632812052935
2256	0.000660987076026
2257	0.066053726346
2258	0.0213067493769
2259	0.00347964476133
2260	0.000705011297756
2261	0.0572493316818
2262	0.00263497505949
2263	0.000619826595817
2264	0.00352476493937
2265	0.000664712600765
2266	0.0869833389864
2267	0.00324166414008
2268	0.00457299927642
2269	0.000587569140465
2270	0.00071650512365
2271	0.0769419994228
2272	0.00125509990846
2273	0.00398790580282
2274	0.00147969931847
2275	0.0789108010353
2276	0.0665971606194
2277	0.00072189389371
2278	0.0726193989343
2279	0.00692894644225
2280	0.00258215746799
2281	0.000618070175768
2282	0.00644652180142
2283	0.00705437459349
2284	0.000908758282343
2285	0.00316244332964
2286	0.000737128693394
2287	0.0304630227165
2288	0.003948637714
2289	0.00585230476349
2290	0.0790393384713
2291	0.00127488745507
2292	0.00806270331656
2293	0.00446203465035
2294	0.00425991171005
2295	0.00167629657634
2296	0.00108471234684
2297	0.000805651025185
2298	0.00131560250116
2299	0.0674915615495
2300	0.0472735447989
2301	0.000624402049679
2302	0.00715792986076
2303	0.00836602304776
2304	0.0024167372871
2305	0.0010689555335
2306	0.0509503387961
2307	0.0625924440837
2308	0.0685846138181
2309	0.0820219395773
2310	0.0010264974204
2311	0.0213814580475
2312	0.00085969620309
2313	0.00208438678468
2314	0.000712961506061
2315	0.00430366296324
2316	0.000662670105071
2317	0.000798111083616
2318	0.00109031735744
2319	0.00630130477364
2320	0.000677100991594
2321	0.000619812205019
2322	0.00113455550947
2323	0.0773341573653
2324	0.0801826341876
2325	0.00221788868282
2326	0.0770157112308
2327	0.00533636272843
2328	0.00779114162758
2329	0.0546469905081
2330	0.00225574643803
2331	0.079434125439
2332	0.00520972454661
2333	0.00758342372087
2334	0.0574749778353
2335	0.000793821324843
2336	0.00787540212482
2337	0.000798942360888
2338	0.00588756410977
2339	0.0756719054476
2340	0.083053477199
2341	0.000701353853981
2342	0.000767313785535
2343	0.0038920319757
2344	0.00485052097832
2345	0.00272785767108
2346	0.000780558300126
2347	0.0803210275496
2348	0.0662186965818
2349	0.000693351286836
2350	0.0084500947571
2351	0.00607812703725
2352	0.0726049349691
2353	0.0379371328216
2354	0.0760110917854
2355	0.00195553127279
2356	0.0752515790797
2357	0.000642500105607
2358	0.000660189744244
2359	0.0653753360755
2360	0.000637417982988
2361	0.000890913823555
2362	0.000931109662001
2363	0.0728512618728
2364	0.000977088759975
2365	0.000921689024976
2366	0.00118988048295
2367	0.00209766595578
2368	0.00346082771003
2369	0.0817573231806
2370	0.0694259076727
2371	0.000812760651516
2372	0.00501553367128
2373	0.000636899572824
2374	0.073453620239
2375	0.000616318702704
2376	0.0746190986895
2377	0.0038613587448
2378	0.000914729562648
2379	0.00173735411466
2380	0.000605249174547
2381	0.0756063240971
2382	0.000591421326574
2383	0.00798557317286
2384	0.00806036095927
2385	0.00375853434536
2386	0.0622038355186
2387	0.0141147774033
2388	0.000617254169844
2389	0.00105015800973
2390	0.00217957790718
2391	0.0264319718625
2392	0.0407196255326
2393	0.00816076136106
2394	0.0038816624593
2395	0.0757403669789
2396	0.00250825115443
2397	0.0007855653223
2398	0.0067279860449
2399	0.00338091226462
2400	0.00100992225438
2401	0.00124913486083
2402	0.000661260742127
2403	0.000703112799785
2404	0.0701136650325
2405	0.000674045069615
2406	0.00107234957131
2407	0.0399729052308
2408	0.0674318678638
2409	0.0755489341643
2410	0.0835176279914
2411	0.000782004864994
2412	0.000720293618169
2413	0.000901921655376
2414	0.0775520084349
2415	0.00156305436055
2416	0.00110510795311
2417	0.00301085737429
2418	0.0523145201051
2419	0.00411143561618
2420	0.00555533602473
2421	0.000613602864971
2422	0.000612331574051
2423	0.0711962185983
2424	0.000634112548626
2425	0.0014553065714
2426	0.00162797451452
2427	0.00742178848145
2428	0.078725348942
2429	0.0320750339068
2430	0.0635273391477
2431	0.000612241786466
2432	0.00122937505279
2433	0.0647705021125
2434	0.00315132296501
2435	0.00073215706153
2436	0.00495281719416
2437	0.000602510992097
2438	0.00317432984832
2439	0.000631674617074
2440	0.000824623729714
2441	0.00060837802204
2442	0.0012422494187
2443	0.00460681100478
2444	0.000677396665235
2445	0.00338576909179
2446	0.069613203006
2447	0.000908483394403
2448	0.000786388971195
2449	0.0130874881237
2450	0.000640622045026
2451	0.00574133875747
2452	0.000687505762452
2453	0.00074638026364
2454	0.00487887149574
2455	0.00066616159338
2456	0.000625494524791
2457	0.000587569140465
2458	0.00454631870771
2459	0.000952671612354
2460	0.072692379717
2461	0.00529750055944
2462	0.0400670687168
2463	0.00559221218519
2464	0.0842788999157
2465	0.00342190004454
2466	0.000657598739598
2467	0.0574164922399
2468	0.0628247335674
2469	0.060896559574
2470	0.000587569140465
2471	0.00608668735403
2472	0.00413568395083
2473	0.00228079291648
2474	0.00080415719638
2475	0.00448793775624
2476	0.0116313119643
2477	0.0501038741839
2478	0.0321868863193
2479	0.00180046741065
2480	0.000959051563702
2481	0.000595220119585
2482	0.0695208116605
2483	0.000595072456987
2484	0.0554490081314
2485	0.0601191709918
2486	0.000688794985924
2487	0.000618070175768
2488	0.000782580185396
2489	0.0476063388754
2490	0.000740908286166
2491	0.00577429246409
2492	0.076377388174
2493	0.000655289081333
2494	0.000811299051266
2495	0.0622689917939
2496	0.00179367746013
2497	0.000739146677207
2498	0.00350832434639
2499	0.0368283647922
2500	0.0769495900763
2501	0.00721834743354
2502	0.00220147088919
2503	0.000698617826802
2504	0.0656697841002
2505	0.000614857911423
2506	0.0533369115239
2507	0.0832732384959
2508	0.00510932603993
2509	0.00510515400812
2510	0.00662238979299
2511	0.00648794469591
2512	0.00896766144272
2513	0.000681117411681
2514	0.000694542562858
2515	0.000663996269517
2516	0.00471622448794
2517	0.000654385895751
2518	0.00455542222817
2519	0.00208775444062
2520	0.0711940632477
2521	0.0617822159459
2522	0.00143655955244
2523	0.00066644947624
2524	0.00514325162625
2525	0.00117620929665
2526	0.0752301738533
2527	0.000623270412306
2528	0.000619879521509
2529	0.00152320413401
2530	0.00399755919691
2531	0.0015034881042
2532	0.048298831184
2533	0.00599619312805
2534	0.000715232943303
2535	0.000627974737504
2536	0.0259796918631
2537	0.00378090670886
2538	0.000961488650552
2539	0.061708187178
2540	0.000801298872001
2541	0.000591421326574
2542	0.0789914904991
2543	0.0728705697881
2544	0.00233635556182
2545	0.00149424187546
2546	0.0621284465385
2547	0.00361743184565
2548	0.000624109078971
2549	0.0709305686479
2550	0.0694844370934
2551	0.0667535110423
2552	0.0500944047885
2553	0.074111075148
2554	0.0423723875232
2555	0.00656590521463
2556	0.0569522055111
2557	0.00109425749595
2558	0.000682100718683
2559	0.0719399902315
2560	0.0807864772076
2561	0.066586403248
2562	0.000657072586405
2563	0.0487440163346
2564	0.0789514879384
2565	0.000607938614293
2566	0.000894595624277
2567	0.00729633173663
2568	0.000793538249614
2569	0.000587569140465
2570	0.000677538206275
2571	0.00159044597412
2572	0.00218237048686
2573	0.0669665940235
2574	0.04466959985
2575	0.0593991973756
2576	0.016390757621
2577	0.000677887141522
2578	0.0719971855682
2579	0.0524511209314
2580	0.000653295216767
2581	0.00208635506747
2582	0.0048414319563
2583	0.000881502126215
2584	0.00227746440281
2585	0.000816200341259
2586	0.0804232085645
2587	0.000665907930305
2588	0.00404946160595
2589	0.00322644122735
2590	0.082002297018
2591	0.043034987209
2592	0.00655328871332
2593	0.0791300373997
2594	0.00485055881801
2595	0.000595072456987
2596	0.000587569140465
2597	0.00655283968195
2598	0.00691816050671
2599	0.00143529833633
2600	0.0758290980727
2601	0.0801426685227
2602	0.0814939309546
2603	0.0022242833629
2604	0.0820705303268
2605	0.00190793484731
2606	0.0345379989327
2607	0.0812454946144
2608	0.004329699446
2609	0.00352643138745
2610	0.00129831924006
2611	0.0815465700466
2612	0.000992812928828
2613	0.0139195027009
2614	0.000677946473152
2615	0.0786457662129
2616	0.00435239578375
2617	0.00444841476135
2618	0.000744809859036
2619	0.0703762160937
2620	0.000918855845792
2621	0.000616132033435
2622	0.0021485045227
2623	0.0565165569444
2624	0.0794021565947
2625	0.0792740478279
2626	0.000761924122713
2627	0.000844578041855
2628	0.00075618491129
2629	0.00639759327728
2630	0.0743802316072
2631	0.0505030894621
2632	0.000621339674458
2633	0.000811661629177
2634	0.000603910009046
2635	0.00113185528387
2636	0.000816285907567
2637	0.00118355977512
2638	0.0725046774409
2639	0.000810973194764
2640	0.000962985817877
2641	0.0008823685967
2642	0.0052227870144
2643	0.00520225356578
2644	0.000757450316025
2645	0.000900390420466
2646	0.0572336317951
2647	0.000863251695011
2648	0.000870826947006
2649	0.00524595027093
2650	0.00068529517744
2651	0.000631081586223
2652	0.00186298899798
2653	0.00362446682271
2654	0.0668673418381
2655	0.0733915348247
2656	0.000671526415611
2657	0.000865294373523
2658	0.000793908728181
2659	0.000897975362218
2660	0.00084017796479
2661	9.01034924296e-08
2662	5.46799378353e-08
2663	4.65875469304e-08
2664	7.34900610311e-08
2665	6.58840339195e-08
2666	6.40509153646e-08
2667	4.43054380009e-08
2668	4.96342166219e-08
2669	7.92393447798e-08
2670	4.2851215332e-08
2671	3.98335260461e-08
2672	5.65215379278e-08
2673	4.98118328489e-08
2674	7.69468111711e-08
2675	5.27802138387e-08
2676	7.32456403148e-08
2677	3.31763263296e-07
2678	8.74190807179e-08
2679	7.65286403598e-08
2680	6.07326850866e-08
2681	5.66116620192e-08
2682	4.72998842209e-08
2683	6.85184419893e-08
2684	5.26770541379e-08
2685	4.66721625581e-08
2686	4.85326239919e-08
2687	4.67264723609e-08
2688	4.79485843305e-08
2689	6.65071833025e-08
2690	5.198745417e-08
2691	3.86578382415e-08
2692	4.02637482128e-08
2693	3.54006369733e-07
2694	7.78132013657e-08
2695	4.20846039009e-08
2696	4.82903108768e-08
2697	4.5311168227e-08
2698	6.83393532874e-08
2699	4.13210159519e-08
2700	4.42910908226e-08
2701	5.15451028086e-08
2702	4.63897072695e-08
2703	4.26085807382e-08
2704	7.14751477294e-08
2705	4.94924763745e-08
2706	6.50791017702e-08
2707	3.26933597239e-07
2708	5.72540505665e-08
2709	4.17280471182e-08
2710	4.201236818e-08
2711	5.07428993158e-08
2712	6.03476144099e-08
2713	5.07009068814e-08
2714	4.06520503768e-08
2715	4.96444140667e-08
2716	8.58849167801e-08
2717	6.17247760127e-08
2718	8.42768397796e-08
2719	9.49989092439e-08
2720	6.40458946859e-08
2721	3.98335260461e-08
2722	4.08932005136e-08
2723	4.22677357307e-08
2724	1.07905611201e-07
2725	7.02446565665e-08
2726	4.33816070216e-08
2727	4.42914246361e-08
2728	5.34641276872e-08
2729	6.20680596845e-08
2730	7.84496955741e-08
2731	4.87273450806e-08
2732	3.99050534311e-08
2733	5.08110082107e-08
2734	6.46888907263e-08
2735	6.87096002748e-08
2736	4.12511043398e-08
2737	4.93237551999e-08
2738	7.05736306756e-08
2739	5.07695364689e-08
2740	7.14751477294e-08
2741	6.08125870918e-08
2742	9.79120695615e-08
2743	5.78932510606e-08
2744	5.54105708599e-08
2745	5.10004541309e-08
2746	4.48252221747e-08
2747	6.49985981205e-08
2748	7.47779884423e-08
2749	6.05176559903e-08
2750	7.47290193683e-08
2751	5.24118668219e-08
2752	7.56709665362e-08
2753	6.72095745156e-08
2754	8.76955229204e-08
2755	7.61263939334e-08
2756	5.61176738545e-08
2757	7.33676278301e-08
2758	5.85589836076e-08
2759	4.56529305147e-08
2760	7.67468425653e-08
2761	4.86380748169e-08
2762	4.9061119499e-08
2763	6.29213639529e-08
2764	4.17391383853e-07
2765	6.36991536509e-08
2766	4.23691430953e-08
2767	3.94992152535e-08
2768	5.53066882371e-08
2769	4.18536279848e-08
2770	6.16654237953e-08
2771	4.39825510284e-08
2772	5.00990616265e-08
2773	6.10642938343e-08
2774	3.93944367827e-08
2775	8.72304934536e-08
2776	3.94245771166e-08
2777	7.33573208796e-08
2778	9.25020878209e-08
2779	4.62909568843e-08
2780	6.73698882018e-08
2781	7.63724687365e-08
2782	7.91721564983e-08
2783	5.31314984821e-08
2784	5.02657454564e-08
2785	5.76140218662e-08
2786	7.99932174552e-08
2787	6.08006292297e-08
2788	3.84220394731e-08
2789	4.38725925784e-08
2790	4.15484507065e-08
2791	4.19899232868e-08
2792	3.86578382415e-08
2793	8.59400539455e-08
2794	4.49639587269e-08
2795	4.9755253053e-08
2796	7.16848569301e-08
2797	5.17207810069e-08
2798	3.89329707142e-08
2799	3.99321967701e-08
2800	7.3206016687e-08
2801	4.14977141764e-08
2802	4.4453773987e-08
2803	4.77463418593e-08
2804	4.10920535717e-08
2805	4.00859905755e-08
2806	5.75503834197e-08
2807	4.45549572274e-08
2808	3.88222091227e-08
2809	4.41547035397e-08
2810	6.14885461863e-08
2811	4.09858459585e-08
2812	4.88224596283e-08
2813	8.88756516609e-08
2814	3.66617346255e-06
2815	6.2694717794e-08
2816	4.19892754884e-08
2817	3.91539263185e-08
2818	4.40800849559e-08
2819	5.05413020988e-08
2820	4.33349825722e-08
2821	4.22950242266e-08
2822	3.7165387746e-07
2823	5.71724018568e-08
2824	3.98335260461e-08
2825	6.03153368757e-08
2826	3.36420215673e-07
2827	7.0214083212e-08
2828	8.10971959657e-08
2829	5.01421656523e-08
2830	4.82678922515e-08
2831	4.63757416848e-08
2832	4.96785431546e-08
2833	8.48635136256e-08
2834	4.03288405839e-08
2835	5.72478109841e-08
2836	5.07272717131e-08
2837	4.20497783501e-08
2838	3.72239560102e-06
2839	9.36096957013e-08
2840	5.36075732723e-08
2841	5.04017008156e-08
2842	3.81799800967e-08
2843	5.03097495379e-08
2844	5.30412889765e-08
2845	5.56543796716e-08
2846	4.83529570004e-08
2847	6.849986108e-08
2848	4.57081710192e-08
2849	8.23258472323e-08
2850	5.2353033133e-08
2851	4.47254163709e-08
2852	4.2741075725e-08
2853	7.33240644781e-08
2854	5.12947333671e-08
2855	3.95315580216e-08
2856	4.76618831625e-08
2857	3.84313085258e-08
2858	4.55207144517e-08
2859	4.98400593387e-08
2860	3.96327486133e-08
2861	4.06553993904e-08
2862	6.81423983519e-08
2863	9.13919799836e-08
2864	7.00303431438e-08
2865	6.08343153799e-08
2866	7.13074730017e-08
2867	7.17302589495e-08
2868	4.52478819111e-08
2869	3.9137594855e-07
2870	4.79923757749e-08
2871	5.58152232372e-08
2872	7.07070825177e-08
2873	6.74713210564e-08
2874	5.65247365917e-08
2875	6.9207730129e-08
2876	4.36532641343e-08
2877	8.13479531281e-08
2878	4.36736874177e-08
2879	4.21070023399e-08
2880	6.63200773192e-08
2881	6.0084713897e-08
2882	4.36636431091e-08
2883	6.66188400921e-07
2884	3.98552729009e-08
2885	3.72398169674e-06
2886	4.07474017278e-08
2887	5.36209172541e-08
2888	4.26517749021e-08
2889	4.29535149273e-08
2890	7.36040252814e-08
2891	4.66194790291e-08
2892	8.62050659145e-08
2893	4.02340726543e-08
2894	9.12401140086e-08
2895	4.13766454726e-08
2896	5.92169536444e-08
2897	6.1422308393e-08
2898	4.22320399304e-08
2899	3.95387428411e-08
2900	4.32331633014e-08
2901	9.65970292469e-08
2902	3.966142218e-08
2903	6.07743671962e-08
2904	6.84188816176e-08
2905	7.00921838031e-08
2906	7.76852831197e-08
2907	5.0718844869e-08
2908	4.99401503705e-08
2909	7.0090212305e-08
2910	7.41241034024e-08
2911	6.77133872854e-08
2912	6.4519561586e-08
2913	7.03517728955e-08
2914	5.92547546332e-08
2915	7.49105523805e-08
2916	7.53323704625e-08
2917	4.52471866301e-08
2918	6.89318871074e-08
2919	6.81521502162e-08
2920	6.95897502185e-08
2921	5.81701838333e-08
2922	3.86830863221e-08
2923	5.12620932323e-08
2924	5.41401249161e-08
2925	7.15175857777e-08
2926	4.06927533296e-08
2927	7.70228671593e-08
2928	7.38244394554e-08
2929	5.7622381574e-08
2930	3.99050534311e-08
2931	5.89500922727e-08
2932	5.66586792799e-08
2933	4.43046399371e-08
2934	4.90429489549e-08
2935	4.36550212188e-08
2936	6.84490045873e-08
2937	7.30589061808e-08
2938	6.33497494821e-08
2939	7.69541197844e-08
2940	6.5776041631e-08
2941	7.71951172376e-08
2942	4.22107087013e-08
2943	7.18289198659e-08
2944	8.13232479182e-08
2945	5.99143135272e-08
2946	8.86072585069e-08
2947	4.86706334233e-08
2948	4.56210963914e-08
2949	4.72636361485e-08
2950	6.44967602811e-08
2951	8.82088769812e-08
2952	3.89747085694e-08
2953	5.20353782239e-08
2954	4.37708013554e-08
2955	5.83992522944e-08
2956	7.82026384592e-08
2957	4.90367629183e-08
2958	5.96030409153e-08
2959	4.23527855226e-08
2960	7.70261312218e-08
2961	4.18308251929e-08
2962	7.98169350395e-08
2963	3.92040244694e-08
2964	8.44509108813e-08
2965	4.51489593392e-08
2966	8.26641418114e-08
2967	4.65854211833e-08
2968	3.68312938157e-07
2969	6.86493565883e-08
2970	6.28617510289e-08
2971	6.00004697856e-08
2972	4.23514897433e-08
2973	7.44186614071e-08
2974	6.33769341907e-08
2975	3.86941950917e-08
2976	8.98044160753e-08
2977	5.08920726811e-08
2978	4.57730166524e-08
2979	3.4982414141e-07
2980	4.19031804422e-08
2981	4.69339359041e-08
2982	4.1849975933e-08
2983	4.47681635993e-08
2984	5.12426341483e-08
2985	6.43681882505e-08
2986	8.00968005979e-08
2987	4.86587742418e-08
2988	6.37097292465e-08
2989	6.67969370747e-08
2990	4.28615294569e-08
2991	7.35015473543e-08
2992	7.50480026919e-08
2993	6.05963364249e-08
2994	6.4254417544e-08
2995	4.46005341276e-08
2996	5.60761339148e-08
2997	4.39852192054e-08
2998	3.88859976254e-08
2999	8.14638703755e-08
3000	7.5856861903e-08
3001	9.14165825068e-08
3002	7.77019923282e-08
3003	3.72239560102e-06
3004	6.10390527373e-08
3005	8.69299702202e-08
3006	3.87453463303e-08
3007	5.03326147559e-08
3008	4.21101509289e-08
3009	4.57845147426e-08
3010	4.89744086067e-08
3011	9.76175753451e-08
3012	4.29719265398e-08
3013	4.69174767861e-08
3014	5.57257508427e-08
3015	4.14227022139e-08
3016	5.21348195071e-08
3017	7.56658989031e-08
3018	5.53806154923e-08
3019	1.22064347224e-07
3020	3.60882324454e-07
3021	6.75997624906e-08
3022	7.25476077722e-08
3023	5.16633098662e-08
3024	4.41651484829e-08
3025	5.86168280037e-08
3026	7.70294913174e-08
3027	6.71302659193e-08
3028	4.13098972381e-08
3029	5.9444247912e-08
3030	4.03137400742e-08
3031	3.81799800967e-08
3032	4.7924240128e-08
3033	7.55451161773e-08
3034	8.23719248506e-08
3035	8.55248585569e-08
3036	5.2763795737e-08
3037	3.86578382415e-08
3038	8.08696621933e-08
3039	4.92079577441e-08
3040	6.03762211948e-08
3041	5.02020875237e-08
3042	4.5385606953e-08
3043	4.97717523532e-08
3044	4.02711430679e-08
3045	4.00021415748e-08
3046	5.44620953301e-08
3047	5.98876565541e-08
3048	4.30359276975e-08
3049	8.00096630019e-08
3050	4.36567823736e-08
3051	9.07379278835e-08
3052	5.76314091905e-08
3053	4.04257397486e-08
3054	7.28395980398e-08
3055	3.93944367827e-08
3056	7.08244899846e-08
3057	9.74053352581e-08
3058	4.36353248083e-08
3059	3.92480086758e-08
3060	8.12019479244e-08
3061	4.71607358429e-08
3062	7.28280079644e-08
3063	4.29863796881e-08
3064	6.57581051614e-08
3065	6.10558042851e-08
3066	4.19826008007e-08
3067	4.28020678087e-08
3068	4.52921227637e-08
3069	4.67424201707e-08
3070	7.11367295093e-08
3071	3.81799800967e-08
3072	6.63358269783e-08
3073	6.31398461071e-08
3074	3.93944367827e-08
3075	4.67421287732e-08
3076	8.38151683893e-08
3077	6.72093856572e-08
3078	8.07882264485e-08
3079	7.30123505243e-08
3080	4.73764618659e-08
3081	5.26210995449e-08
3082	9.71176337098e-08
3083	4.27364503897e-08
3084	6.74215799989e-08
3085	6.01235294645e-08
3086	5.76750066967e-08
3087	6.02595378745e-08
3088	4.18712284457e-08
3089	6.5842989575e-08
3090	7.99887172192e-08
3091	3.98335260461e-08
3092	4.20683582149e-08
3093	4.39037353544e-08
3094	4.09717329629e-08
3095	4.27677589792e-08
3096	7.0756805408e-08
3097	7.69408317928e-08
3098	6.5946767176e-08
3099	4.08012072887e-08
3100	3.72803589386e-07
3101	3.91250262353e-07
3102	6.60093061408e-08
3103	4.72593001108e-08
3104	7.13863108145e-08
3105	4.11981597014e-08
3106	6.90346539167e-08
3107	6.23489100697e-08
3108	6.55466720582e-08
3109	4.47247841146e-08
3110	4.63095829354e-08
3111	3.44039700123e-07
3112	4.32421405661e-08
3113	7.45589300382e-08
3114	5.50534761595e-08
3115	7.10393481616e-08
3116	9.29322116217e-08
3117	8.85801483022e-08
3118	6.59012697636e-08
3119	6.58808881782e-08
3120	7.43029607094e-08
3121	3.90684529232e-08
3122	4.01819882139e-08
3123	5.03340680006e-08
3124	7.22239103783e-08
3125	3.85960584145e-08
3126	3.99923143342e-08
3127	3.93944367827e-08
3128	4.07680486507e-08
3129	5.18930039532e-08
3130	4.17717603097e-08
3131	3.99050534311e-08
3132	8.36408010595e-08
3133	4.41350270037e-08
3134	3.84868746804e-08
3135	5.17314309049e-08
3136	7.82991600462e-08
3137	5.56993237028e-08
3138	4.41169216469e-08
3139	4.44213827231e-08
3140	6.93679725848e-08
3141	4.06631891534e-08
3142	6.23411501415e-08
3143	3.90161666604e-08
3144	4.37941723533e-08
3145	8.03358055506e-08
3146	7.03307482679e-08
3147	3.91539263185e-08
3148	5.06477101788e-08
3149	6.61439021167e-08
3150	8.86009024726e-08
3151	4.38583671634e-08
3152	8.40190992623e-08
3153	4.14818212811e-08
3154	7.87996260274e-08
3155	4.34182479825e-08
3156	4.60432763579e-08
3157	4.5717369355e-08
3158	5.87526753355e-08
3159	4.11254318096e-08
3160	5.34143665134e-08
3161	4.56061447132e-08
3162	9.79159345891e-08
3163	4.74645074598e-08
3164	1.04270612104e-07
3165	7.63240342203e-08
3166	5.29445874426e-08
3167	4.61961303901e-08
3168	1.1079413884e-07
3169	7.52107468979e-08
3170	5.14890556515e-08
3171	4.49476877182e-08
3172	7.5892489914e-08
3173	3.67392934562e-06
3174	7.04803955433e-08
3175	3.98974362673e-08
3176	4.94981897487e-08
3177	5.69896289359e-08
3178	6.56541289582e-08
3179	1.01166608498e-07
3180	3.99050534311e-08
3181	3.99050534311e-08
3182	7.65665689518e-08
3183	3.81799800967e-08
3184	6.25868684465e-08
3185	8.57833052751e-08
3186	3.2998758122e-07
3187	5.1942164229e-08
3188	6.30817382608e-08
3189	4.69776122318e-08
3190	4.35279742929e-08
3191	5.92472094086e-08
3192	4.60067259447e-08
3193	4.74588951427e-08
3194	4.4592848302e-08
3195	6.89549727865e-08
3196	5.84315419268e-08
3197	4.1002941654e-08
3198	7.92031179398e-08
3199	5.00282825284e-08
3200	4.06618068775e-08
3201	1.07068694077e-07
3202	4.2764430943e-08
3203	5.17765813933e-08
3204	6.17433326619e-08
3205	8.56300324771e-08
3206	6.45453820873e-08
3207	5.53051981603e-08
3208	4.28248294863e-08
3209	4.7364165831e-08
3210	6.65204474877e-08
3211	4.86493379504e-08
3212	5.27545972634e-08
3213	5.23919308639e-08
3214	6.48952992491e-08
3215	4.8009620011e-08
3216	3.96809328468e-08
3217	4.01465038576e-08
3218	4.01819882139e-08
3219	5.64213829412e-08
3220	6.04609021871e-08
3221	7.0978540887e-08
3222	6.49688054215e-07
3223	5.13355479914e-08
3224	6.63059561046e-08
3225	5.34693094148e-08
3226	7.18565021999e-08
3227	3.93843513898e-08
3228	5.35120446027e-08
3229	4.23387631754e-08
3230	3.81799800967e-08
3231	4.63199457507e-08
3232	8.20370342604e-08
3233	1.01532080654e-07
3234	5.02723667423e-08
3235	4.16240625159e-08
3236	4.7329428268e-08
3237	4.8568923597e-08
3238	5.49898354317e-08
3239	7.33297907754e-08
3240	7.12258035609e-08
3241	4.45922982055e-08
3242	4.29006363659e-08
3243	4.93420422771e-08
3244	4.32493943995e-08
3245	6.62634373637e-07
3246	4.46237638884e-08
3247	7.32606945622e-08
3248	3.45006886773e-07
3249	4.29374873771e-08
3250	5.32336772558e-08
3251	4.0158139728e-08
3252	8.62528962679e-08
3253	6.63822964868e-08
3254	4.26730549003e-08
3255	5.15781372023e-08
3256	6.56524313817e-08
3257	5.45684006187e-08
3258	3.64201564193e-07
3259	5.32449366842e-08
3260	4.97765787374e-08
3261	6.63672458123e-08
3262	5.01211965665e-08
3263	7.14642409876e-07
3264	5.09089990436e-08
3265	3.48307900301e-07
3266	4.47232132953e-08
3267	7.72175631271e-08
3268	3.84174217064e-08
3269	4.04032452347e-08
3270	4.22235906904e-08
3271	3.91637493402e-08
3272	5.72607226333e-08
3273	4.96861501823e-08
3274	6.94972257021e-08
3275	5.14508838561e-08
3276	4.54450489088e-08
3277	7.71315419907e-08
3278	6.94586632943e-07
3279	5.24205012749e-08
3280	9.28070628043e-08
3281	4.29769739743e-08
3282	3.86646763747e-08
3283	4.20940139415e-08
3284	6.85755649126e-08
3285	4.88356272248e-08
3286	4.6568735899e-08
3287	6.45033442293e-08
3288	6.20339579833e-08
3289	3.43074061211e-07
3290	3.97970665383e-06
3291	9.44637424369e-08
3292	4.23104749111e-08
3293	6.22499772927e-08
3294	4.6563521357e-08
3295	9.59169682963e-08
3296	5.87238531658e-08
3297	7.59126665436e-08
3298	5.92983803454e-08
3299	6.52422765018e-08
3300	4.31251110208e-08
3301	5.47062601007e-08
3302	7.84631499059e-08
3303	5.11524635718e-08
3304	8.7628622631e-08
3305	3.9486456009e-08
3306	4.78294701912e-08
3307	4.49378193938e-08
3308	4.5024470484e-08
3309	4.27146101645e-08
3310	4.14109813415e-08
3311	4.08090083603e-08
3312	4.39292521328e-08
3313	5.24257940281e-08
3314	4.20989475085e-08
3315	4.26548839146e-08
3316	5.96904214334e-08
3317	3.98966420255e-08
3318	4.3167307212e-08
3319	6.67987470737e-08
3320	1.00600539359e-07
3321	6.83118952777e-08
3322	3.99923143342e-08
3323	4.06849958938e-08
3324	7.2673035024e-08
3325	4.28857275951e-08
3326	4.38147809001e-08
3327	5.78719706539e-08
3328	5.50259530073e-08
3329	4.46940543483e-08
3330	8.45770945669e-08
3331	9.12229040456e-08
3332	7.10183752277e-08
3333	3.98937950077e-08
3334	4.20799367047e-08
3335	9.99648436771e-08
3336	3.97298065132e-08
3337	4.87734111899e-08
3338	4.04723931238e-08
3339	6.95829503277e-08
3340	5.72409702765e-08
3341	5.11994749939e-08
3342	6.96077960964e-08
3343	4.54286919993e-08
3344	7.56656738615e-08
3345	6.63344925512e-08
3346	5.64355316466e-08
3347	7.87548204782e-08
3348	7.38156342896e-08
3349	4.19603543339e-08
3350	8.68768041497e-08
3351	8.34036507624e-08
3352	4.28615205911e-08
3353	6.97309739621e-08
3354	4.01819882139e-08
3355	7.96076001547e-08
3356	4.71306250753e-08
3357	4.39326739139e-08
3358	4.38479156642e-08
3359	4.61442421957e-08
3360	7.51738412259e-08
3361	3.65549953472e-07
3362	6.84575237881e-08
3363	9.14319432913e-08
3364	5.85167398356e-08
3365	5.63901299736e-08
3366	1.02044083154e-07
3367	4.27247069673e-08
3368	4.24279140291e-08
3369	5.49744913919e-08
3370	4.09143716087e-08
3371	4.33071870317e-08
3372	3.966142218e-08
3373	4.69637153016e-08
3374	4.29454940578e-08
3375	4.06574503598e-08
3376	4.01020141592e-08
3377	5.29127432876e-08
3378	6.88013625612e-08
3379	4.96224513738e-08
3380	4.68625141713e-08
3381	9.05992679863e-08
3382	4.2360840354e-08
3383	4.51168004562e-08
3384	5.80613327274e-08
3385	3.60916195403e-07
3386	8.13562060542e-08
3387	7.85316694596e-08
3388	4.13413980209e-08
3389	4.19360021073e-08
3390	4.77616854836e-08
3391	6.56034194797e-08
3392	4.30659121054e-08
3393	4.50408463725e-08
3394	4.87872196273e-08
3395	5.60086424455e-08
3396	7.95000982875e-08
3397	9.71751779076e-08
3398	4.4655743851e-08
3399	5.37865884209e-08
3400	5.13563871761e-08
3401	4.01020141592e-08
3402	4.26520666241e-08
3403	7.15791725725e-08
3404	7.95967878339e-08
3405	4.67966605784e-08
3406	1.09788992273e-07
3407	3.84174217064e-08
3408	3.85011448557e-08
3409	6.18828791676e-08
3410	6.24709502061e-08
3411	6.98701285973e-08
3412	9.28137979395e-08
3413	3.8703349212e-08
3414	4.48061701858e-08
3415	5.26114406961e-08
3416	6.86576388073e-08
3417	7.47421779958e-08
3418	6.44329356622e-08
3419	7.34008856767e-08
3420	6.67083669168e-08
3421	4.60967061282e-08
3422	5.72669228818e-08
3423	4.21040532991e-08
3424	4.18236806869e-08
3425	4.08907700789e-08
3426	8.39126723851e-08
3427	4.04723931238e-08
3428	4.00925160315e-08
3429	3.97514922196e-08
3430	4.55995991453e-08
3431	7.04931215185e-08
3432	5.3498161727e-08
3433	6.4736657564e-08
3434	9.27386801327e-08
3435	5.7762360921e-08
3436	4.02223216184e-08
3437	7.75173381422e-08
3438	1.25655822124e-09
3439	5.04283684008e-10
3440	1.27011886508e-08
3441	4.95577866607e-10
3442	6.37088667192e-10
3443	5.57031110343e-10
3444	8.68331090098e-10
3445	4.998241814e-10
3446	5.11262936485e-10
3447	4.9509739222e-10
3448	2.05765697306e-09
3449	2.45577557838e-09
3450	6.11165783152e-10
3451	4.79303121545e-10
3452	6.7119927072e-10
3453	4.79303121545e-10
3454	6.05920184359e-08
3455	6.91659761441e-10
3456	1.35542465915e-08
3457	6.03634563081e-10
3458	5.48383332441e-10
3459	5.29817419331e-10
3460	5.77132425949e-10
3461	6.89958170759e-10
3462	7.82921560357e-10
3463	9.34536921118e-10
3464	6.00425476303e-10
3465	5.30103424597e-10
3466	5.70554912017e-10
3467	5.73920539655e-10
3468	5.79241910567e-10
3469	6.60046340862e-10
3470	5.40829970719e-10
3471	9.82088629808e-10
3472	5.3306518599e-10
3473	5.31992488523e-10
3474	5.52401916291e-10
3475	1.12979314062e-09
3476	5.25994775591e-10
3477	6.60656026635e-10
3478	5.32310064859e-10
3479	6.16192059899e-10
3480	1.43939826328e-09
3481	6.12414236072e-10
3482	5.2486554125e-10
3483	5.2091855168e-10
3484	8.3886933982e-10
3485	5.91546741276e-10
3486	5.87739088905e-10
3487	6.08494777513e-08
3488	9.56952130045e-10
3489	4.92496622482e-10
3490	5.23627663352e-10
3491	1.09283593005e-09
3492	7.75472607079e-10
3493	5.456346423e-10
3494	4.89825206982e-10
3495	1.38653360125e-08
3496	1.63288436845e-09
3497	6.43263075267e-10
3498	5.45257998347e-10
3499	5.50889854873e-10
3500	5.42336580332e-10
3501	1.39371163253e-08
3502	5.89333860931e-10
3503	5.68530198492e-10
3504	1.34191509233e-09
3505	5.75729631086e-10
3506	6.47900344031e-10
3507	5.07978317916e-10
3508	5.61966589899e-10
3509	5.57062865221e-10
3510	5.48302157698e-10
3511	5.64786436404e-10
3512	8.14664380924e-10
3513	4.95000402023e-10
3514	1.0855479046e-09
3515	5.21654692562e-10
3516	6.12460421374e-10
3517	1.40376109095e-09
3518	7.94199174277e-10
3519	5.3390958685e-10
3520	7.06324477201e-10
3521	1.27386495425e-09
3522	7.49582215913e-10
3523	6.12414236072e-10
3524	5.31913438033e-10
3525	1.32240744219e-08
3526	6.8871005777e-10
3527	7.35090543742e-10
3528	7.25046517591e-10
3529	6.03566437371e-10
3530	1.26465078825e-09
3531	5.05008881663e-10
3532	5.2913014405e-10
3533	1.05744437957e-09
3534	5.59793828819e-10
3535	5.42650035981e-10
3536	5.10706109772e-10
3537	4.88617443147e-10
3538	5.41311035716e-10
3539	5.11118097037e-10
3540	1.298961938e-08
3541	5.16057670919e-10
3542	6.98045280575e-10
3543	5.30003742122e-10
3544	5.76003577393e-10
3545	2.26733534183e-09
3546	5.26622295904e-10
3547	1.16241867605e-09
3548	6.77268525282e-10
3549	5.3052925487e-10
3550	1.22985261092e-08
3551	1.72077274161e-09
3552	7.54635553146e-10
3553	5.9993026131e-10
3554	6.2411856791e-10
3555	5.64072219113e-10
3556	1.20232125127e-08
3557	7.82189296332e-10
3558	6.15809953143e-10
3559	7.18217934357e-10
3560	5.70859277814e-10
3561	1.17544473059e-08
3562	6.16192059899e-10
3563	1.2234202584e-09
3564	5.36862555108e-10
3565	5.74135995042e-10
3566	1.62498514313e-09
3567	5.22525908599e-10
3568	6.03117657204e-10
3569	5.74681076138e-10
3570	4.79303121545e-10
3571	5.32951251767e-10
3572	5.05004080175e-10
3573	9.26129977769e-10
3574	7.36953018173e-10
3575	5.63749249902e-10
3576	1.1602160289e-09
3577	1.39555837544e-08
3578	9.06968696566e-10
3579	5.30103424597e-10
3580	5.04569952868e-10
3581	5.21258627086e-10
3582	4.86574749456e-10
3583	5.13740531298e-10
3584	6.51501189632e-10
3585	5.01662627175e-10
3586	2.48737094444e-09
3587	5.32348322421e-10
3588	4.90120869634e-10
3589	5.53835170338e-10
3590	6.63337232603e-10
3591	5.48726258457e-10
3592	1.1906426494e-08
3593	6.47598930613e-10
3594	6.04943463466e-10
3595	5.22486044511e-10
3596	2.80836922747e-09
3597	4.91201499317e-10
3598	5.17757993374e-10
3599	5.93285489949e-10
3600	9.46225127591e-10
3601	5.62080199873e-10
3602	5.36441277409e-10
3603	6.2175452683e-10
3604	2.44684265767e-09
3605	1.44152843299e-09
3606	4.9191429219e-10
3607	5.03052182541e-10
3608	5.49107921065e-10
3609	1.33903624253e-08
3610	6.17157078517e-10
3611	1.35575174289e-09
3612	6.17223247393e-10
3613	6.16192059899e-10
3614	5.1238909552e-10
3615	5.51430080259e-10
3616	5.14444572795e-10
3617	6.89024990906e-10
3618	1.52954366697e-09
3619	4.97324432372e-10
3620	5.33911277433e-10
3621	1.66548337417e-09
3622	5.18646315662e-10
3623	5.44694097094e-10
3624	5.20625268363e-10
3625	2.26934512495e-09
3626	5.8411372638e-10
3627	6.07105523734e-10
3628	6.40673458018e-10
3629	6.17645670054e-10
3630	5.2346122273e-10
3631	5.12071238805e-10
3632	4.96459985474e-10
3633	1.41166402567e-08
3634	5.55557713222e-10
3635	8.29308495732e-10
3636	5.6548363326e-10
3637	5.77381504927e-10
3638	5.11418741975e-10
3639	6.05517062089e-10
3640	7.81810316441e-10
3641	5.0926332315e-10
3642	1.09324052745e-09
3643	5.62412961568e-10
3644	5.20421927284e-10
3645	5.51193237923e-10
3646	5.37813410882e-10
3647	5.02332501644e-10
3648	5.49661771801e-10
3649	6.16192059899e-10
3650	4.79303121545e-10
3651	1.3146879908e-08
3652	4.9916081997e-10
3653	4.89663293016e-10
3654	8.12963699852e-10
3655	5.25959106257e-10
3656	1.60811453276e-09
3657	5.19133648823e-10
3658	6.71273283822e-10
3659	5.27194016855e-10
3660	5.04527483068e-10
3661	5.8378513498e-10
3662	5.36563647092e-10
3663	5.26736119179e-10
3664	5.09604875121e-10
3665	4.95930279197e-10
3666	5.13150148604e-10
3667	1.36850566051e-09
3668	5.16697365567e-10
3669	5.85510210537e-10
3670	7.959141809e-10
3671	5.06653723436e-10
3672	1.33573285581e-09
3673	8.64364492028e-10
3674	1.32697959019e-08
3675	5.22620032891e-10
3676	4.92496622482e-10
3677	1.38929068668e-08
3678	4.93117454928e-10
3679	5.16792543674e-10
3680	7.15630941078e-10
3681	5.44204989219e-10
3682	5.04750103529e-10
3683	1.23248728563e-09
3684	1.40268946943e-08
3685	5.33528429054e-10
3686	5.0703230077e-10
3687	1.04384345809e-09
3688	5.54571554717e-10
3689	5.71884555952e-10
3690	5.67084669735e-10
3691	5.70859277814e-10
3692	1.36088399052e-08
3693	2.0434509876e-09
3694	4.9262107519e-10
3695	6.16192059899e-10
3696	5.25419094535e-10
3697	1.29480989266e-09
3698	5.431336605e-10
3699	4.85609993365e-10
3700	5.85510210537e-10
3701	5.25583787811e-10
3702	1.13453491174e-09
3703	8.39240365247e-10
3704	4.83581921286e-10
3705	6.18315376155e-10
3706	5.70024056202e-10
3707	6.870862955e-10
3708	5.26869412273e-10
3709	4.79303121545e-10
3710	5.73112085158e-10
3711	5.80148580006e-10
3712	7.14056357842e-10
3713	5.74411350369e-10
3714	5.73946196225e-10
3715	5.2698783827e-10
3716	4.98250627464e-10
3717	5.70859277814e-10
3718	5.75355237596e-10
3719	5.5874417846e-10
3720	5.08219499884e-10
3721	1.3132215201e-08
3722	6.16241179011e-10
3723	6.0831760098e-08
3724	4.97185927751e-10
3725	5.38262017041e-10
3726	9.00889831679e-10
3727	4.948408182e-10
3728	5.79989021891e-10
3729	4.79303121545e-10
3730	6.64684893839e-10
3731	8.31199313359e-10
3732	4.8313378808e-10
3733	8.57534191879e-10
3734	2.41728972258e-09
3735	5.38140024907e-10
3736	8.28760295862e-10
3737	8.68360771169e-10
3738	6.57067507786e-10
3739	5.25621952415e-10
3740	5.76104830761e-10
3741	1.26960018136e-08
3742	8.68264755829e-10
3743	5.38262017041e-10
3744	5.70859277814e-10
3745	4.94999026335e-10
3746	4.82288641945e-10
3747	5.53027382505e-10
3748	4.79303121545e-10
3749	4.95814334493e-10
3750	1.30329484245e-08
3751	4.94757418466e-10
3752	6.16187724938e-10
3753	5.70025295915e-10
3754	5.05444800468e-10
3755	6.91071287418e-10
3756	1.3910752962e-08
3757	5.33178046678e-10
3758	6.34599565932e-10
3759	5.4072433977e-10
3760	1.15281195899e-09
3761	5.52207268478e-10
3762	6.7240139818e-10
3763	5.1925547063e-10
3764	5.80569242721e-10
3765	5.89768037082e-10
3766	5.09763205318e-10
3767	5.11362775341e-10
3768	5.5888016327e-10
3769	5.27373445913e-10
3770	5.21506059722e-10
3771	4.98683988178e-10
3772	6.0804337484e-10
3773	5.31436248882e-10
3774	5.36188295986e-10
3775	8.8779708537e-10
3776	5.3920320801e-10
3777	5.1295192632e-10
3778	5.26621922948e-10
3779	1.27144650718e-09
3780	1.22143366367e-09
3781	4.89089776507e-10
3782	5.90561065222e-10
3783	5.19145722217e-10
3784	5.24213361144e-10
3785	6.9446166275e-10
3786	5.53114053318e-10
3787	4.91674015715e-10
3788	8.50694395635e-10
3789	5.01794854148e-10
3790	9.42783993179e-10
3791	5.45778498727e-10
3792	5.28770099285e-10
3793	6.5374985871e-10
3794	6.06025789711e-10
3795	6.62224668181e-10
3796	1.03812410671e-09
3797	1.38354183734e-08
3798	4.79303121545e-10
3799	5.26610479433e-10
3800	1.63671663062e-09
3801	4.85922559825e-10
3802	5.38300301054e-10
3803	6.20814593939e-10
3804	1.04768390752e-09
3805	5.83143716031e-10
3806	4.95019386002e-10
3807	4.82409657375e-10
3808	4.8287747563e-10
3809	5.28629709489e-10
3810	6.01854088338e-10
3811	4.85742791935e-10
3812	4.98540609828e-10
3813	5.85510210537e-10
3814	5.01843567033e-10
3815	5.34795202919e-10
3816	4.85756090263e-10
3817	7.94852394294e-10
3818	5.27243177717e-10
3819	5.19210337811e-10
3820	4.79303121545e-10
3821	5.68494038688e-10
3822	5.86536223436e-10
3823	5.24471004091e-10
3824	1.46513214567e-09
3825	6.422819509e-10
3826	5.9474421131e-10
3827	5.08943760734e-10
3828	1.17424885664e-09
3829	6.09615508016e-10
3830	1.40509927827e-08
3831	1.15190822367e-09
3832	6.31512203934e-10
3833	5.92703341776e-10
3834	5.01183691797e-10
3835	5.74000526317e-10
3836	5.50365807268e-10
3837	5.33908421885e-10
3838	1.13906428818e-09
3839	5.93757672786e-10
3840	5.22726529165e-10
3841	2.04454500782e-09
3842	1.98844695274e-09
3843	5.05976493077e-10
3844	4.91986511972e-10
3845	7.13917740318e-10
3846	4.82288641945e-10
3847	7.59179062892e-10
3848	4.96068386152e-10
3849	8.68331090098e-10
3850	5.51396729469e-10
3851	1.39926411833e-08
3852	9.57768333556e-10
3853	4.79303121545e-10
3854	4.83410379798e-10
3855	5.29755611043e-10
3856	4.79303121545e-10
3857	5.12841513618e-10
3858	1.02414528029e-09
3859	8.66558334446e-10
3860	1.07372169267e-09
3861	6.05090145506e-08
3862	5.44890391908e-10
3863	5.11354536174e-10
3864	5.85510210537e-10
3865	4.91094840718e-10
3866	5.43791730925e-10
3867	5.73221119584e-10
3868	5.3516657134e-10
3869	6.07383682904e-10
3870	5.7284380112e-10
3871	5.03098311408e-10
3872	1.21553359806e-08
3873	2.12455131182e-09
3874	5.2252663587e-10
3875	4.82349117399e-10
3876	5.13279776068e-10
3877	1.35230064924e-08
3878	5.11745408579e-10
3879	4.83410379798e-10
3880	1.07009257903e-09
3881	5.39583597683e-10
3882	4.90154367732e-10
3883	6.16192059899e-10
3884	1.38082779591e-09
3885	4.82311185977e-10
3886	1.30877298915e-08
3887	4.92041612043e-10
3888	8.20708357482e-10
3889	1.18956727195e-09
3890	4.93913530613e-10
3891	6.88569934527e-10
3892	5.19310996636e-10
3893	4.97706972296e-10
3894	5.04487770288e-10
3895	5.25507705241e-10
3896	5.5152876652e-10
3897	4.90838896282e-10
3898	6.1982723841e-10
3899	4.99719263182e-10
3900	5.98934286509e-10
3901	5.02889462076e-10
3902	1.02151786923e-09
3903	5.40176647358e-10
3904	8.73629208435e-10
3905	5.01761905196e-10
3906	6.3590369358e-10
3907	5.73347614951e-10
3908	5.96130593945e-10
3909	5.60877639053e-10
3910	4.89285004814e-10
3911	5.85510210537e-10
3912	5.2574155554e-10
3913	6.97900193983e-10
3914	5.15955150908e-10
3915	5.67457015704e-10
3916	5.75415776918e-10
3917	5.25582939192e-10
3918	6.6187253054e-10
3919	6.05517062089e-10
3920	5.29211819332e-10
3921	5.86687218091e-10
3922	4.82464829587e-10
3923	4.98839292646e-10
3924	6.26908657462e-10
3925	1.24757159954e-09
3926	1.03491384331e-09
3927	6.30633706866e-10
3928	5.76088775628e-10
3929	1.06983196078e-09
3930	1.10562711499e-09
3931	5.57954291876e-10
3932	5.0129608966e-10
3933	5.4863067527e-10
3934	6.10804805014e-10
3935	4.79303121545e-10
3936	5.01690182569e-10
3937	5.27476577939e-10
3938	2.85052180797e-09
3939	4.88827146854e-10
3940	5.39249750666e-10
3941	5.08372930339e-10
3942	5.52877959379e-10
3943	1.28757052525e-08
3944	9.63432742956e-10
3945	6.69268350495e-10
3946	4.89089776507e-10
3947	5.93777696479e-10
3948	1.40663065029e-08
3949	5.13540029057e-10
3950	8.55876572736e-10
3951	6.0514909726e-10
3952	4.88794839284e-10
3953	4.93345294087e-10
3954	8.62866085783e-10
3955	4.8725560723e-10
3956	5.63607699239e-10
3957	6.20640993196e-10
3958	5.08532822424e-10
3959	4.82829120787e-10
3960	5.32200948187e-10
3961	6.08234104294e-08
3962	1.34584678806e-08
3963	4.9497663341e-10
3964	5.9623101857e-10
3965	4.89205104172e-10
3966	1.29500068274e-09
3967	5.29341231029e-10
3968	2.63725528056e-09
3969	5.67348127284e-10
3970	6.72614676906e-10
3971	2.11570686994e-09
3972	5.43739770251e-10
3973	5.05654446611e-10
3974	4.79303121545e-10
3975	5.26887671634e-10
3976	5.30869434631e-10
3977	4.97171036264e-10
3978	5.83585434453e-10
3979	7.51502401059e-10
3980	4.69852700574e-08
3981	3.0460500379e-10
3982	3.16022427006e-10
3983	2.91265456853e-10
3984	2.89390008269e-10
3985	3.00649370061e-10
3986	3.04640397041e-10
3987	2.91183502038e-10
3988	3.00864675566e-10
3989	4.6595573569e-08
3990	2.9483801998e-10
3991	8.63483307696e-10
3992	2.93140687721e-10
3993	3.00729383369e-10
3994	3.10369373756e-10
3995	3.08158724955e-10
3996	2.96738064758e-10
3997	3.10441575693e-10
3998	3.17582119701e-10
3999	2.94945427205e-10
4000	3.04453488546e-10
4001	2.91183502038e-10
4002	5.91408976826e-10
4003	2.99066432845e-10
4004	6.02454755642e-10
4005	2.93162771026e-10
4006	2.93041733711e-10
4007	2.9483801998e-10
4008	2.89390008269e-10
4009	3.08529535925e-10
4010	2.89390008269e-10
4011	4.68648466548e-08
4012	2.91183502038e-10
4013	8.76453071228e-10
4014	3.15808415952e-10
4015	2.89390008269e-10
4016	2.9483801998e-10
4017	3.04488833157e-10
4018	3.0287565133e-10
4019	3.02848530188e-10
4020	5.96808577789e-10
4021	3.08532207868e-10
4022	2.89390008269e-10
4023	6.17585690369e-10
4024	2.89390008269e-10
4025	2.9483801998e-10
4026	3.04652991039e-10
4027	5.92877215784e-10
4028	2.91217715588e-10
4029	2.91183502038e-10
4030	3.28878570688e-10
4031	4.66140585544e-08
4032	2.93041733711e-10
4033	2.93141621327e-10
4034	2.93193926726e-10
4035	2.89390008269e-10
4036	2.91206673782e-10
4037	2.9695761155e-10
4038	8.8566914287e-10
