0	0.00622693084793
1	0.000235854419941
2	0.000199482566679
3	0.000226523715908
4	0.000233013069874
5	0.000202335791011
6	0.000175458114116
7	0.000263254250589
8	0.000230744660619
9	0.000604591234358
10	0.000135639813596
11	5.239235635e-05
12	5.239235635e-05
13	0.000333264484384
14	0.000282989185414
15	5.239235635e-05
16	0.000133657930947
17	0.000254875528698
18	5.239235635e-05
19	0.000372618289269
20	0.000287411224363
21	0.000696672469942
22	0.00016408499934
23	0.000397292984075
24	0.000227314732558
25	0.000804155222202
26	0.000698038664196
27	9.88310844758e-05
28	0.000250356968448
29	0.000192130051984
30	0.000213079018153
31	0.000299936865767
32	0.000145672694278
33	9.11193737287e-05
34	9.17398127175e-05
35	7.27173454372e-05
36	0.000183917998439
37	5.239235635e-05
38	0.000141495372963
39	0.000195531720898
40	0.000498400738567
41	0.000455848812332
42	9.11193737287e-05
43	5.239235635e-05
44	0.000134789656928
45	0.000160351446246
46	0.000130427030914
47	7.99210813672e-05
48	0.000292637999723
49	0.000153746457193
50	0.000153385941403
51	0.000139671248384
52	8.14382389321e-05
53	0.000414512603888
54	0.000134478129875
55	0.000198741931801
56	0.00081024522272
57	0.000213100775883
58	0.000211337491174
59	0.000225514856043
60	0.000118335373115
61	9.84137724072e-05
62	0.000296098919238
63	9.7938629668e-05
64	0.000141651502874
65	0.000160823002247
66	0.00018004649642
67	0.000778515181291
68	0.00020964909047
69	0.000141552788792
70	7.61601051281e-05
71	0.000100439106227
72	0.000275186489705
73	0.000157968766769
74	5.239235635e-05
75	0.000176943813333
76	8.24193080329e-05
77	0.000120601639876
78	0.00021190081366
79	0.000153666309443
80	0.000313530057772
81	0.000106681923474
82	0.000387496698864
83	0.000139671248384
84	0.000191151825385
85	0.000183693731231
86	0.00014850430062
87	0.00017305069262
88	0.000284632563159
89	0.000222929040868
90	8.85693945562e-05
91	0.000230744660619
92	0.000287196258242
93	0.000180753233134
94	0.000297726602733
95	0.000175991072537
96	0.000146304749552
97	0.000108413618037
98	0.000504525988446
99	0.000291826966214
100	0.000173695805094
101	0.000265299579821
102	0.000150310289377
103	0.000189128083336
104	0.000349054578781
105	0.000182061606517
106	0.00012775243497
107	0.00688825159229
108	0.000199219925301
109	0.000404236041454
110	0.000151750604874
111	0.00028819762501
112	9.95180739302e-05
113	0.00042506402044
114	5.239235635e-05
115	0.000408945044616
116	0.000318719815084
117	0.000112563562424
118	0.000400706744764
119	0.000733489857209
120	8.97000236916e-05
121	0.00017251099632
122	0.000664934690968
123	0.000210011140982
124	0.000111439861707
125	7.5847134895e-05
126	0.00012719871301
127	0.000242271073122
128	0.00030875554108
129	0.000123490571257
130	0.000229975676904
131	0.000169403312924
132	0.000209245758278
133	0.000236504463768
134	0.000220531408551
135	0.000170602187626
136	0.000634000977907
137	0.000324170689973
138	7.21906393648e-05
139	0.000154284208141
140	0.00021625135547
141	0.000314129013924
142	0.000454367979835
143	0.000286898095589
144	0.000285471264269
145	8.85693945562e-05
146	0.000144576292202
147	0.000175458114116
148	0.000247435485414
149	0.000266574404491
150	0.00019252274363
151	0.000151204296616
152	0.00012295917522
153	6.20099128387e-05
154	7.82862575133e-05
155	0.000102004130585
156	0.00016533346698
157	0.000104977434751
158	0.000301072524372
159	0.000204166863454
160	6.92315343262e-05
161	0.000281712162868
162	0.000166829164963
163	0.000120563010716
164	7.37877553341e-05
165	0.0001498378644
166	0.000107494968365
167	0.000166294064894
168	0.00016691926963
169	0.000417833288962
170	0.000510628701301
171	0.000373337031047
172	0.000444052846002
173	0.000218448959964
174	0.000128588785597
175	0.000370142805752
176	0.000177093727257
177	0.00025202865354
178	0.000189052643711
179	0.000127678955694
180	0.000275736213514
181	0.000233013069874
182	0.000113830180407
183	6.35608791512e-05
184	0.000265955435658
185	0.000298036317092
186	0.000469745660666
187	0.000228980554921
188	0.000514661232939
189	0.000141651502874
190	0.000102181847265
191	7.59764182842e-05
192	0.000170846612551
193	0.000153836329783
194	0.000262947712011
195	0.00021190081366
196	0.000186906326392
197	0.000242175946006
198	0.000253384029351
199	0.000500831110061
200	0.000595709396552
201	0.000125950346292
202	0.000102007495605
203	0.000605546880917
204	0.000295442837421
205	8.14382389321e-05
206	9.38128069818e-05
207	7.05641932613e-05
208	0.000109473058557
209	5.239235635e-05
210	5.239235635e-05
211	0.000331305553995
212	0.000215720816852
213	0.000446862654996
214	0.000333606005053
215	5.239235635e-05
216	7.25696371969e-05
217	0.000153355433686
218	0.00021190081366
219	0.000182762395064
220	0.000108407037495
221	0.000120428121625
222	0.000160158576899
223	0.000291246707718
224	0.000317701044334
225	0.000229795483815
226	0.000265083987278
227	0.000332883911704
228	8.1783308827e-05
229	0.000113676713493
230	0.000251636363342
231	0.000266966575859
232	0.000282676153627
233	9.11193737287e-05
234	6.14654779504e-05
235	9.541594007e-05
236	0.000412894805618
237	0.000139671248384
238	0.000264816924944
239	0.000629769739799
240	8.46352931703e-05
241	8.50650743622e-05
242	0.00031614184661
243	0.000189876492458
244	9.11193737287e-05
245	0.000145817070517
246	0.000180601765734
247	8.4016839266e-05
248	0.00025012833686
249	0.000320667098603
250	9.0088563305e-05
251	0.000217574038643
252	0.000675176959415
253	0.000108413618037
254	0.000239321078209
255	8.50650743622e-05
256	9.11193737287e-05
257	0.000225533735489
258	0.000192934242643
259	0.000230744660619
260	0.000158481350923
261	0.000415529502247
262	0.000108407037495
263	0.00017068182612
264	0.000151750604874
265	0.000302335508795
266	0.000251225761991
267	7.22590805754e-05
268	0.000145774330022
269	0.000135347931002
270	9.46819026626e-05
271	0.000751916122055
272	0.000504856225516
273	0.00021190081366
274	0.00018475429362
275	0.000233013069874
276	0.000214273459077
277	0.000722632800911
278	0.000231981875188
279	6.98932065708e-05
280	0.000486524655698
281	0.000239968336535
282	9.11193737287e-05
283	0.000106259155067
284	0.000241639556527
285	0.000514120641854
286	8.26199331753e-05
287	5.239235635e-05
288	8.05676398677e-05
289	0.000106098827118
290	0.000174665496821
291	0.000410731018227
292	5.239235635e-05
293	9.95180739302e-05
294	7.89281130097e-05
295	0.000141247786628
296	0.00017068182612
297	0.000277224130456
298	0.000145658131064
299	0.000279097163727
300	0.000123362056081
301	9.71572226773e-05
302	0.00027216950822
303	0.000252637235811
304	0.000580090185071
305	6.88120697451e-05
306	0.00021190081366
307	0.000114247878651
308	0.00027767067197
309	0.000170602187626
310	0.000269929989567
311	0.00011418444241
312	0.000502151408217
313	0.000412005395013
314	0.000173267716742
315	0.000606828312814
316	6.56224413202e-05
317	0.000118898758427
318	0.000147598669274
319	0.000222929040868
320	0.000306381192754
321	9.12273945214e-05
322	0.000791310026485
323	0.000432100060259
324	0.000330263721461
325	0.000414517275757
326	0.000350140299796
327	0.00012470498202
328	0.00021190081366
329	0.000398684732001
330	0.000226500116319
331	0.000242164445126
332	0.000478773304744
333	0.000168378525102
334	0.000319870175656
335	5.239235635e-05
336	7.43961349906e-05
337	0.00020113906855
338	0.000112807138269
339	0.000353812049683
340	0.000106222246299
341	0.000155515761367
342	0.000368036728363
343	0.000339579563792
344	0.00013286291402
345	0.000199295746806
346	0.000361991972266
347	0.000124259116769
348	0.00231847035292
349	8.35480501677e-05
350	0.00021567524878
351	0.0001266197287
352	0.000173878155994
353	0.000611003339162
354	0.000221414376777
355	0.000308371345998
356	8.76729366165e-05
357	0.000196892443078
358	4.57444676808e-05
359	0.000238742580782
360	0.000308712616671
361	0.000218245063731
362	0.000166480644183
363	0.000596966871989
364	0.000200932576175
365	7.48357782579e-05
366	0.000584005103043
367	0.000253210156912
368	0.000243359509182
369	0.000262596602175
370	0.000474069526402
371	7.09412642044e-05
372	0.000172236799118
373	0.000637914987718
374	0.000443517676248
375	0.000135221115906
376	0.000897005848531
377	6.88483931823e-05
378	0.000404319820888
379	6.57133405556e-05
380	0.000138139733167
381	0.000142800121699
382	0.000124485834121
383	8.15401978568e-05
384	9.3624161439e-05
385	8.43692304163e-05
386	9.68142560877e-05
387	0.000276713775273
388	0.000261360370613
389	0.00039157512794
390	7.8181247857e-05
391	0.000404298166862
392	0.000260854374129
393	0.000159232559473
394	0.000252182221662
395	0.000511107266874
396	0.000232172701947
397	0.000382604726604
398	0.000230915243738
399	0.000179328135688
400	0.000463480693725
401	7.31762204485e-05
402	0.000385069935098
403	0.000176861650855
404	0.000337307040678
405	0.000120944639857
406	9.02930255544e-05
407	0.000161175570128
408	0.000360726446862
409	0.000236882857276
410	0.000144599952968
411	9.034341774e-05
412	0.000666548077096
413	0.00015551462926
414	0.001783284709
415	0.000203078711302
416	0.000164921172144
417	0.000396478411803
418	0.000189462814499
419	0.0004127496195
420	0.000236523994213
421	0.000200544765695
422	0.000513439812718
423	0.000387973543587
424	0.000192961146768
425	0.000168658777671
426	0.000158892143477
427	0.000129555679906
428	0.000775417894935
429	0.000123785402203
430	0.000261779452821
431	0.000464394231369
432	0.000384220337474
433	0.000123485887425
434	0.000256600847465
435	0.000119858802852
436	0.000416248289701
437	0.000212287129753
438	0.000461493315351
439	0.000298748998531
440	0.00012530178233
441	0.000179328135688
442	0.000115047976865
443	7.00747014111e-05
444	0.000324699980315
445	0.000205189689533
446	0.00014873535086
447	4.57444676808e-05
448	5.94943895212e-05
449	0.000113773485305
450	0.000191206714854
451	0.000186138695041
452	0.000306458782113
453	0.000143112790599
454	8.66611524558e-05
455	0.000321577662663
456	0.000398147197525
457	0.000218364531727
458	0.000209867112052
459	0.000126429294197
460	0.000463763431111
461	0.000358507841484
462	0.000176135713162
463	0.000327718823655
464	0.000113247831973
465	0.000503374892653
466	0.000114847774729
467	0.000106361716763
468	7.00747014111e-05
469	0.00021695609322
470	0.000159343447816
471	0.000220886415644
472	9.60549123204e-05
473	0.000233805629658
474	0.000181535254221
475	0.000781303836262
476	0.000139843665559
477	0.000141744296446
478	0.000107652485432
479	0.000254395381652
480	0.000103032557408
481	0.000237241987533
482	0.000235644563895
483	0.00129466387199
484	0.000616900952524
485	7.9006835235e-05
486	0.000183946951116
487	0.000229842547247
488	0.000200478803095
489	0.000207583885065
490	0.000129001624412
491	0.000113585830432
492	0.000415544757289
493	0.000367019786922
494	0.000171842452579
495	0.000176631533401
496	0.000286803377966
497	0.000540304539042
498	0.000139456414462
499	8.37587721698e-05
500	0.000546368711067
501	0.000179328135688
502	0.000112486253921
503	0.00037362554261
504	0.000373124625085
505	0.00015418838853
506	0.000473274757668
507	0.000431422914509
508	0.000158141588481
509	0.000174891004751
510	0.000226592917948
511	0.000208844749992
512	0.000206283133698
513	0.000581660888845
514	0.000416958680682
515	0.000401734509304
516	0.00021772807345
517	0.000632893016021
518	0.000211183172641
519	0.000210466856652
520	0.000338326986595
521	0.000129242366962
522	0.000132174603239
523	0.00030563390149
524	0.000413888880417
525	0.000441178492805
526	0.000465081643923
527	0.000302472659186
528	0.000135017767688
529	0.00011325253333
530	7.02293295038e-05
531	0.000345059020518
532	0.000234915498691
533	9.48381077545e-05
534	0.000106840200533
535	0.000115881152032
536	0.000168182527916
537	0.00026668901757
538	0.000529391391244
539	0.000209674004951
540	9.50737088869e-05
541	0.000109696882781
542	0.00038821983007
543	0.000196873083227
544	0.000441801081527
545	0.000314163188153
546	0.000247528558593
547	0.00026516106324
548	0.000247509386355
549	0.000109714123885
550	4.57444676808e-05
551	0.000193029740289
552	9.3624161439e-05
553	0.000570101989549
554	0.000200605268966
555	0.0002999347986
556	0.000344678118867
557	0.000279227125339
558	0.000169603622274
559	0.000518640487013
560	0.000218718484312
561	0.00051424211335
562	7.74591069759e-05
563	0.000733526746262
564	0.000205265756406
565	0.00015711116665
566	0.000521102442684
567	0.000479657990371
568	0.000136640163756
569	0.000130419219919
570	0.000262614002212
571	5.90596567551e-05
572	0.000106361716763
573	0.000343977857614
574	0.000144262712968
575	0.000149370291713
576	0.000169803786414
577	0.000246176691572
578	0.000266445458376
579	0.000415609999066
580	0.000515914284187
581	8.1171295228e-05
582	0.000236390217989
583	0.00027720065021
584	0.000189116396566
585	4.66723072508e-05
586	9.04049630273e-05
587	0.000108946129414
588	0.000168867870321
589	0.000233829658542
590	0.000150917297291
591	0.00031177670567
592	0.000438073730023
593	7.73942878053e-05
594	0.000200338778963
595	0.000217175490025
596	0.000362357190307
597	0.000239530590059
598	0.000184061195472
599	0.00025709597984
600	0.000267424517121
601	0.000191778613069
602	4.66723072508e-05
603	0.000205113078488
604	0.000251289380913
605	0.000203691997925
606	0.000538202435627
607	4.66723072508e-05
608	4.66723072508e-05
609	0.000298951689088
610	7.00218620801e-05
611	0.00018620247049
612	0.000176496554981
613	4.66723072508e-05
614	0.000223408877364
615	0.000267590050223
616	0.00024064783268
617	0.0002842703391
618	0.000267494899385
619	0.000279574712189
620	0.000204038348382
621	0.000109519816103
622	0.000168221472132
623	0.0001975188658
624	4.66723072508e-05
625	0.00023703782076
626	0.000169712035831
627	0.000266445458376
628	0.000151651527997
629	0.000105119370432
630	0.000407151953377
631	0.000148358594127
632	0.000247510930072
633	0.000176004342393
634	0.000149525851396
635	0.000242487160528
636	0.000268213667568
637	0.000665305635269
638	4.66723072508e-05
639	0.00013637312213
640	0.00025651895806
641	0.000395627953923
642	8.1171295228e-05
643	0.000267424517121
644	0.000262166930875
645	0.000227120128527
646	0.000127690390673
647	0.000217455478697
648	5.63390361237e-05
649	8.42054592367e-05
650	0.000247353589881
651	0.00045452351733
652	6.44076875847e-05
653	0.000292743760359
654	0.000342684937224
655	9.17082888638e-05
656	5.71795465742e-05
657	0.000107921832436
658	0.000266445458376
659	0.000266445458376
660	6.81573900161e-05
661	0.000267424517121
662	0.000266863127069
663	0.000124795267195
664	0.000196775310864
665	0.00020925810392
666	0.00019508677884
667	7.36916648154e-05
668	4.66723072508e-05
669	0.000238097183784
670	0.00025610632653
671	7.01508369868e-05
672	0.0001094371881
673	6.44076875847e-05
674	4.66723072508e-05
675	0.000256832170227
676	0.000142936860647
677	0.000243492548539
678	0.000283757481705
679	0.000103560264713
680	0.000286621857299
681	0.000257655988039
682	0.000168727524184
683	0.000233550532558
684	0.000227153681142
685	0.000194204396311
686	0.00221677098531
687	0.000299525707248
688	0.000462338650843
689	0.000153797722602
690	0.000119328293222
691	0.000122066281408
692	4.82217264734e-05
693	0.000165642880017
694	0.000544594849006
695	0.000411372388778
696	0.000315153889272
697	0.000542178012966
698	0.00129232513371
699	6.34429260448e-05
700	0.000103297930186
701	0.00022880977253
702	0.000155345624763
703	0.000449524689079
704	9.00715408378e-05
705	0.000686312913607
706	0.000194649231533
707	0.000181225704019
708	0.000333520464722
709	0.000194373819071
710	0.000111479851937
711	0.000221125380056
712	0.00022617436802
713	0.000752493306385
714	0.000246584610767
715	0.000126032750888
716	0.000154704919342
717	0.000117790429592
718	0.000316889957766
719	0.000640775693644
720	0.000227504510526
721	9.06476965196e-05
722	0.000169166496364
723	0.000149295512367
724	0.000478396266059
725	0.00015311841847
726	0.000362218697291
727	0.000290479975546
728	0.000395209029376
729	0.000234421256895
730	0.00018149433212
731	0.000267115293403
732	0.000254321528649
733	0.000133570695697
734	0.000268900813166
735	9.06081733403e-05
736	0.000231966710744
737	0.000182141779511
738	0.000271779682378
739	0.000324665578207
740	0.00013250480198
741	0.000197002269848
742	0.000188920475165
743	7.78652244865e-05
744	5.8692877785e-05
745	0.000582623373795
746	0.000162101714444
747	0.000593292812851
748	0.000219714479907
749	7.38255404651e-05
750	5.83691961113e-05
751	0.000145846876641
752	0.000375696239709
753	0.000196076254942
754	0.000310441360711
755	0.000219214752128
756	0.000130102446044
757	0.000120489100535
758	0.000227237485435
759	0.000131022903527
760	0.000304693982593
761	0.000112029835594
762	0.000155222914763
763	0.000178920126969
764	0.000297304546963
765	0.000169649924156
766	0.000357662860186
767	0.000152876021432
768	0.000229575711654
769	0.000222419125837
770	0.00032233890582
771	0.000252871976685
772	0.000211413225399
773	0.000362091487955
774	0.000395494926095
775	7.38255404651e-05
776	0.000233163873427
777	0.000208325607084
778	0.000185563212141
779	0.000203758082957
780	0.000344454326211
781	0.000514126354777
782	0.000220573479536
783	0.000206622127275
784	0.000419018419651
785	7.30959456274e-05
786	0.000150107142267
787	0.000314650158248
788	9.28674853985e-05
789	0.000226790453528
790	8.63401503044e-05
791	0.000137772464072
792	0.000253437826716
793	0.000234944069804
794	0.000167492101645
795	0.000216449190654
796	0.000134065438559
797	0.00028824041663
798	0.000160645494886
799	0.000160857306563
800	0.00040154178577
801	4.82217264734e-05
802	0.000106931262508
803	0.000250108593791
804	0.000266113808012
805	0.000659841712426
806	0.000266825116155
807	0.000224708393255
808	0.000125335774318
809	0.000208010874903
810	0.000332982183084
811	0.000147137980066
812	0.000111215726236
813	0.000149497606562
814	0.000276671901018
815	0.000393047415717
816	0.000159506194658
817	0.000266111810901
818	0.000260095264275
819	0.000395487931553
820	0.000390252918163
821	0.000120160535064
822	0.000256961741818
823	0.000559892760945
824	0.00056970436767
825	0.000140010469504
826	0.000139435808229
827	0.000449959932946
828	0.000794395804684
829	0.000374825336786
830	0.000551636343147
831	0.00017922493391
832	8.79413445717e-05
833	0.000268605914546
834	0.000420150494227
835	0.000223746338868
836	0.000152816720058
837	0.000161353256733
838	0.000238896089748
839	0.000259572928054
840	0.000294486977294
841	6.23001379384e-05
842	0.000377760801235
843	0.000157101806144
844	0.000164236846354
845	0.000247749026965
846	0.000105437873264
847	0.000281473252329
848	0.000258704095171
849	0.000324378599626
850	0.000159166008796
851	7.50018918124e-05
852	0.000117790429592
853	0.000437713484427
854	6.66218345893e-05
855	0.000117790429592
856	0.000526363965546
857	0.000203440048217
858	0.000152634140225
859	7.71931971055e-05
860	6.00652306296e-05
861	0.000188201559434
862	0.000295868178688
863	0.000209644130386
864	0.000134121306747
865	9.92809951894e-05
866	0.000157382140051
867	0.000220655995329
868	9.92809951894e-05
869	0.000125488077238
870	0.000207022192138
871	0.000195057331891
872	0.000194422121878
873	0.000169890962863
874	0.000194422121878
875	5.32934781003e-05
876	0.000209644130386
877	0.000122666362588
878	0.000192484508989
879	0.000181737885857
880	0.000116284472305
881	0.000206067601432
882	0.000159969750672
883	5.32934781003e-05
884	0.000119958154558
885	0.000253015001423
886	0.000164390107504
887	0.000169890962863
888	0.000174862882755
889	0.000242636188998
890	0.000126491439957
891	5.32934781003e-05
892	5.32934781003e-05
893	0.000113060570959
894	0.000130943780301
895	0.000179860191938
896	0.000585647207699
897	0.000248843852076
898	0.000207229141799
899	6.81326351234e-05
900	0.00012439307595
901	0.000269904319106
902	0.000226070533836
903	0.000268053157748
904	8.56436988822e-05
905	0.000134565817465
906	0.00025079900966
907	8.64053452068e-05
908	0.000283674460808
909	0.000171240103385
910	9.74485879342e-05
911	4.27408312203e-05
912	0.000126198846965
913	0.000256079824464
914	0.00012397754333
915	0.000227608274598
916	0.000430988830769
917	0.000728203079113
918	4.27408312203e-05
919	0.000168419984389
920	9.98906433665e-05
921	0.000329315763123
922	0.000149022920885
923	0.000101467087881
924	0.000313465356911
925	0.000494779152021
926	0.00010334308129
927	0.000252219949647
928	0.000112633215098
929	8.61948858007e-05
930	0.000325643879077
931	0.000136220204674
932	0.000220592129849
933	0.000158134645356
934	0.000253548458594
935	7.47761665083e-05
936	0.000236904762611
937	9.55733710472e-05
938	0.000232721826467
939	0.000166520824063
940	0.00013918937147
941	0.000286712933911
942	0.000328048528917
943	0.000119209265698
944	0.000260663976637
945	5.78286763528e-05
946	0.000491016400125
947	0.000353554763172
948	0.000244979169292
949	0.000177820267078
950	0.000113781425771
951	0.000165762338369
952	0.000253412763564
953	0.000341458046049
954	0.000283889670734
955	0.000158180216247
956	0.000152120506214
957	0.000310223581237
958	0.000199328611304
959	0.00016735002602
960	0.000326353318148
961	0.000141854135249
962	0.000196366312783
963	0.000260761722178
964	0.000206322605359
965	0.000132840429164
966	0.000336805205389
967	0.000343066874604
968	0.0002426800532
969	0.000181649831937
970	0.000153680696292
971	0.00019575565884
972	9.79675669934e-05
973	0.000144171592473
974	0.000117358946205
975	0.000261126574272
976	0.000167664969817
977	0.000203366735417
978	0.000330521729929
979	0.000155791278644
980	0.000398762364002
981	0.000230993545347
982	0.000243124314973
983	0.000204148756313
984	0.000221518061013
985	9.24585534967e-05
986	0.000106678378402
987	9.07481737767e-05
988	0.000206504322556
989	0.000183380481794
990	0.000265905067675
991	0.000160902312732
992	0.000246794269019
993	0.000450695087765
994	0.00016521107314
995	0.000262925100894
996	7.08868783557e-05
997	0.000297568912934
998	7.88424444652e-05
999	0.0002406670258
1000	0.000175134786579
1001	0.00023847850405
1002	0.000113177997756
1003	0.000306573781335
1004	0.000353331721292
1005	0.000126913620905
1006	0.000422249703642
1007	0.00011542916947
1008	9.36607330463e-05
1009	0.000278849668311
1010	0.000270301460493
1011	0.0002334088295
1012	0.000196934091303
1013	0.000122015377384
1014	0.000476899389423
1015	0.00018671717018
1016	0.00014459199197
1017	0.000439295570299
1018	0.000259995370946
1019	0.000281511304046
1020	0.000292823112919
1021	0.000292616158849
1022	5.91575990682e-05
1023	0.000108926781527
1024	0.000284606478204
1025	0.000196261740342
1026	0.000266049316758
1027	8.84496198498e-05
1028	0.000216271260825
1029	0.0003138746728
1030	0.000172115905836
1031	6.62393358146e-05
1032	0.000395554435841
1033	0.000170672645426
1034	5.65006885908e-05
1035	0.000193364355446
1036	0.000277986287533
1037	0.000259916504245
1038	6.96104828498e-05
1039	0.000110791775196
1040	0.000220856670384
1041	0.000339837879577
1042	0.000126378160773
1043	0.000177738851101
1044	0.000154091485029
1045	0.000162664855371
1046	8.96450241806e-05
1047	0.000224581052388
1048	0.000336881387461
1049	0.000272663193712
1050	0.000127385092427
1051	0.000302719888852
1052	0.00040239454929
1053	0.000114977100256
1054	0.000194294517731
1055	0.000141160901227
1056	0.000225677926806
1057	8.94904251648e-05
1058	8.51037408839e-05
1059	0.000480204154591
1060	0.00025122618667
1061	0.000121012922863
1062	0.000178164979373
1063	0.000100400036285
1064	0.000236549787959
1065	5.11944109358e-05
1066	0.000340815706311
1067	0.000356478186652
1068	0.000179067917442
1069	9.89956698809e-05
1070	0.000509185951071
1071	8.0672197452e-05
1072	0.000199297025423
1073	0.000111217491086
1074	0.000226579362144
1075	0.000267069367384
1076	0.000411057115813
1077	0.000139861782889
1078	0.000518815036003
1079	0.000359019412313
1080	0.000356157466253
1081	0.000169545772649
1082	0.000274134416583
1083	0.000322276471769
1084	8.64918389793e-05
1085	0.000592197766774
1086	0.000669483241062
1087	0.00010461077777
1088	0.000152896127786
1089	0.000137943179138
1090	0.000130493673876
1091	0.000112618377645
1092	0.000180374823295
1093	9.32137714413e-05
1094	0.000112135477784
1095	0.000165440580951
1096	4.27408312203e-05
1097	0.000286163279159
1098	0.000228406676551
1099	0.00028620072883
1100	0.000305218111853
1101	0.000365995999996
1102	0.000262736223821
1103	8.09349419266e-05
1104	0.000506158531439
1105	0.000113177997756
1106	0.000213759730087
1107	0.00040876104033
1108	0.00022651730161
1109	0.00027164079506
1110	0.000268694336284
1111	0.00014245813296
1112	0.000185954200317
1113	0.000293783568792
1114	0.000253012922287
1115	0.00018618247991
1116	0.000119143407347
1117	0.000364917492637
1118	0.000277145201891
1119	4.27408312203e-05
1120	0.000253658801365
1121	0.000181748320525
1122	0.000304313070389
1123	0.000252443529018
1124	0.000412216901651
1125	0.000344618337454
1126	0.000578128014597
1127	0.000198480127896
1128	0.00032556754922
1129	0.000289354017212
1130	0.000220924036345
1131	0.000239487842105
1132	0.000410459771323
1133	8.39987114358e-05
1134	0.000126200000699
1135	0.000238468642083
1136	0.000304917826266
1137	0.000236175006467
1138	0.000205818857549
1139	0.000184108882008
1140	9.9752845222e-05
1141	0.00015215408483
1142	0.000217286128701
1143	0.000101020738057
1144	0.000210568390936
1145	4.27408312203e-05
1146	0.000439859021235
1147	6.34823743837e-05
1148	0.000314713309045
1149	0.000312455707327
1150	0.00012760370848
1151	6.70845235702e-05
1152	0.000124901923943
1153	0.000402719966719
1154	0.000106596185023
1155	0.000271299206689
1156	0.000301862880171
1157	7.40305790055e-05
1158	0.000316298010221
1159	0.00038081505466
1160	0.000282254805416
1161	0.0001512894252
1162	9.71050462675e-05
1163	0.000300115997085
1164	0.000112651991479
1165	0.000233880663726
1166	0.000305963074595
1167	0.000201632763735
1168	8.09385892597e-05
1169	0.000156329121241
1170	0.000225295375522
1171	0.000239216677486
1172	0.000337036967019
1173	0.000397676076563
1174	0.00018799812746
1175	0.000403132633904
1176	4.7044829715e-05
1177	0.000201775462233
1178	0.000137852428243
1179	0.000281323094883
1180	0.000160405149368
1181	0.000267774012825
1182	0.000233211775469
1183	0.000232788308538
1184	0.000456116737148
1185	0.000446218522015
1186	0.000151537201918
1187	0.000186084530609
1188	0.000228846802774
1189	0.000272121897512
1190	0.000198964438481
1191	0.000335131450296
1192	0.000447786217851
1193	0.000126938820617
1194	0.000101197688077
1195	0.000177699839499
1196	0.000125655184255
1197	0.000181950314811
1198	0.000250798496683
1199	0.000618515828054
1200	7.27975398014e-05
1201	0.000194379960971
1202	0.000159606472654
1203	0.00010612712237
1204	0.000497189699732
1205	0.000312444491864
1206	4.27408312203e-05
1207	0.00023222540726
1208	9.0841862875e-05
1209	0.00024483065557
1210	0.000264552320724
1211	0.000500084968344
1212	0.000219044390048
1213	0.000170675841104
1214	0.000370778817146
1215	0.000237708054407
1216	0.000282193168274
1217	0.000286225515707
1218	0.00016414146604
1219	0.000185516700316
1220	7.60314767783e-05
1221	0.000373243783895
1222	0.000440346502712
1223	0.000157840869244
1224	6.70067899148e-05
1225	0.000220071132051
1226	0.000246448025233
1227	0.000392386529337
1228	0.000186255489728
1229	0.000237566549154
1230	0.000370383132307
1231	0.000351652197992
1232	0.000234471391638
1233	4.94371044668e-05
1234	0.000141335911902
1235	0.000499432900552
1236	0.000316158866598
1237	0.000351649072446
1238	0.000458573310274
1239	6.48855810631e-05
1240	0.000142160495481
1241	0.00014024052991
1242	0.000285492235303
1243	0.000343456722742
1244	0.000113351287866
1245	0.000212164231677
1246	0.000234495912271
1247	0.000159984071687
1248	9.41491798459e-05
1249	0.000132450069659
1250	0.000401374125049
1251	0.000132167006154
1252	7.17544470596e-05
1253	8.0672197452e-05
1254	0.000110910939148
1255	0.000378182982784
1256	0.000401780217135
1257	0.000266188720825
1258	0.000274780900372
1259	0.000338705541297
1260	0.000262410103569
1261	0.000342138095809
1262	4.53366788106e-05
1263	6.6568244645e-05
1264	8.34331957125e-05
1265	0.000129286911054
1266	0.00014154567877
1267	0.00034735003469
1268	0.000125082534093
1269	0.00037354758685
1270	5.61465584746e-05
1271	0.000293337046876
1272	0.000279881573077
1273	0.000338431185771
1274	0.00022412054119
1275	0.000375219454111
1276	4.53615355006e-05
1277	0.000576387997058
1278	0.000143907590053
1279	0.000218963230263
1280	0.000253806530401
1281	0.00021859407353
1282	0.00033951927493
1283	0.000247032102306
1284	0.000292248805281
1285	0.000187024208724
1286	0.000136444171351
1287	0.000206926987774
1288	0.000281838682586
1289	0.00025731015793
1290	0.000275330820621
1291	0.000333998053305
1292	0.000266908085704
1293	0.000162229282602
1294	0.000158511577295
1295	8.21054275635e-05
1296	0.000183959205745
1297	9.92716214721e-05
1298	0.000332196999839
1299	0.000222828632906
1300	0.000204235536103
1301	8.02131867786e-05
1302	0.000315445373598
1303	0.000251358277223
1304	0.000299171381687
1305	0.000340589464874
1306	0.00019236313811
1307	0.000287301259242
1308	0.00017114346739
1309	0.000224159065312
1310	0.000197010733307
1311	0.000182335390416
1312	0.000272179438649
1313	0.000219468833017
1314	0.000211599779666
1315	0.000220651746285
1316	0.000177008314287
1317	0.000216567093729
1318	0.000256366122023
1319	0.000219480851565
1320	0.000384068694011
1321	0.000165192173137
1322	0.000423648337883
1323	0.00024595718891
1324	0.000217708793674
1325	0.000181175173028
1326	5.78149308778e-05
1327	0.000257104815935
1328	0.000203971539109
1329	0.000412970274039
1330	0.000371826968067
1331	0.000429055663848
1332	0.000271024570095
1333	0.000261987596589
1334	0.00036270246421
1335	0.000372638666141
1336	0.000181027462936
1337	0.00027207587212
1338	0.000437130086002
1339	0.000305821006804
1340	0.000204053016879
1341	0.000362160412622
1342	0.000100693139208
1343	0.000257387574698
1344	0.000284446117242
1345	0.000448725335613
1346	6.39170008059e-05
1347	0.00036366078458
1348	0.000266281806463
1349	0.000271477192431
1350	0.000177633947572
1351	0.000212920933796
1352	0.000683131208971
1353	6.61869193278e-05
1354	7.09046597676e-05
1355	0.000258567416818
1356	0.000184916982017
1357	0.000225501028372
1358	0.000456743047285
1359	0.000269336008589
1360	0.0003361982018
1361	0.000428703326675
1362	5.51070922573e-05
1363	0.000179001300152
1364	0.000100254988072
1365	0.000147398938643
1366	0.000423852438995
1367	0.000484515273168
1368	0.000158180216247
1369	0.000275581271411
1370	0.000333101899206
1371	0.000284124222481
1372	8.68421627306e-05
1373	0.000380022396897
1374	0.000264208425037
1375	0.000235353924442
1376	0.000529269380933
1377	0.000563042870374
1378	0.000255233558855
1379	0.000247428169291
1380	0.000258491987201
1381	0.00014843998471
1382	0.000217474334245
1383	6.71059943139e-05
1384	0.000136020545768
1385	0.000129176528881
1386	4.27408312203e-05
1387	0.000127860082291
1388	0.000263459530424
1389	0.000162761248085
1390	0.000552685491839
1391	0.000506147526325
1392	0.00019071298304
1393	0.000207389421871
1394	6.0003555214e-05
1395	4.80894890726e-05
1396	0.000277188779813
1397	0.000118629738876
1398	0.000162571905153
1399	0.000514481620006
1400	0.000156001432335
1401	7.76239353346e-05
1402	0.000233069026599
1403	0.00014459199197
1404	0.000242107586114
1405	0.000275165107559
1406	0.000183861335089
1407	0.000149460924319
1408	0.000224347565313
1409	0.00034252691484
1410	0.000207674815369
1411	7.86928940649e-05
1412	0.000163426840346
1413	0.000289380814936
1414	7.13004200666e-05
1415	0.000231685551486
1416	0.000331771916993
1417	5.71755076772e-05
1418	0.000152978454322
1419	0.000192362080418
1420	0.00044926687935
1421	0.000228465531283
1422	0.000116703333182
1423	0.000291806404638
1424	0.000176558341391
1425	0.000243775606904
1426	0.000306186185199
1427	0.000384230961148
1428	0.000220394189448
1429	0.000222687129781
1430	4.92975587192e-05
1431	0.000670464446358
1432	0.000267504296633
1433	0.000220880001336
1434	0.000137482995541
1435	0.000273611344149
1436	0.000198935480655
1437	0.000218872464887
1438	0.000177456243437
1439	9.28156982194e-05
1440	0.000166149313461
1441	0.000157445239907
1442	7.93688650623e-05
1443	0.000100353075295
1444	0.000211737999648
1445	0.000105145774061
1446	0.000231835935136
1447	0.000435043422955
1448	0.000257733483259
1449	0.000293351760884
1450	0.000202637458985
1451	0.000170387075358
1452	0.000270815986267
1453	0.000211295705892
1454	0.000266213835418
1455	6.99801460472e-05
1456	0.000388339539635
1457	0.00020177742729
1458	0.000148287492194
1459	0.000473356932566
1460	0.000183187304612
1461	8.92769767561e-05
1462	0.000389864207724
1463	6.83350592574e-05
1464	0.000179223347702
1465	0.000358081301604
1466	4.27408312203e-05
1467	0.000385584785876
1468	0.000249219633763
1469	0.000418422310181
1470	0.000246535898462
1471	0.000512896708556
1472	0.000585843820015
1473	0.000338948042401
1474	7.27786794687e-05
1475	0.000344480168512
1476	7.40345787661e-05
1477	0.000104336407424
1478	0.000159113937219
1479	0.000391227551399
1480	0.000317218911346
1481	0.000131162553367
1482	0.000334535503475
1483	0.000307268121078
1484	0.00010538882635
1485	0.000175151479122
1486	9.17776586402e-05
1487	0.000353723430052
1488	0.000400066372555
1489	0.000138879265541
1490	8.67815713787e-05
1491	0.000363858487078
1492	0.000117116774816
1493	0.000212846482693
1494	0.000251305119359
1495	0.000332482896251
1496	0.000326118944682
1497	0.00019105107632
1498	6.55688602561e-05
1499	0.00018660286497
1500	0.000208261885175
1501	0.000111180856213
1502	0.000355132964742
1503	0.00017182386728
1504	0.000380824787132
1505	0.000525011825579
1506	7.95995621268e-05
1507	0.000267521372105
1508	0.000180036304005
1509	0.000400090974029
1510	6.13340425629e-05
1511	0.000272803419096
1512	0.000224586832437
1513	0.000206901338354
1514	0.000224968675787
1515	0.00034360126859
1516	0.000450286419958
1517	0.000135967003922
1518	0.000130656500958
1519	0.000155034307819
1520	0.000362355140188
1521	6.87615347698e-05
1522	0.00045616201027
1523	0.000262045033334
1524	0.000146292622937
1525	0.00035820234749
1526	0.000157335756045
1527	0.000103879827127
1528	0.000247056545764
1529	0.000288369279899
1530	0.000306325171406
1531	0.000182285430208
1532	0.000142113211774
1533	0.000275705771748
1534	0.000281435674541
1535	0.000219639369986
1536	0.000535802878505
1537	0.000163517153786
1538	0.000233852635138
1539	0.000246705980551
1540	0.0003113953591
1541	0.000238128684177
1542	0.000184220390038
1543	0.000222137893611
1544	0.000141991438837
1545	0.000312109325556
1546	6.81446225312e-05
1547	0.000353145612416
1548	0.000304077022953
1549	0.000343279986458
1550	0.000194956056639
1551	0.000494437454015
1552	9.45283824813e-05
1553	0.000235836263932
1554	0.000469322901456
1555	0.000318932784687
1556	0.000107703489096
1557	0.000445269037696
1558	5.06200173781e-05
1559	0.000539425459656
1560	4.27408312203e-05
1561	0.000182409450125
1562	0.000126884454453
1563	0.000343609440884
1564	0.000157359662779
1565	0.000276886377492
1566	0.000174438145202
1567	0.000295846131409
1568	0.000232765938395
1569	0.000299540198069
1570	0.000379589862889
1571	0.000217764357002
1572	0.000154904738127
1573	0.000418644601416
1574	0.000419061120619
1575	0.000140587320703
1576	0.000314077612536
1577	0.000532223417965
1578	0.000188081571762
1579	7.2071035073e-05
1580	0.000259903853331
1581	4.27408312203e-05
1582	0.000219094288815
1583	0.000449004733699
1584	0.00064590038032
1585	0.000183583874219
1586	8.96450241806e-05
1587	0.000256472531611
1588	0.00021880621387
1589	0.00058286011897
1590	0.00031446599409
1591	0.000481038313222
1592	0.000141155248417
1593	0.000293298374896
1594	0.00012107264692
1595	0.000204548383794
1596	0.000361395176204
1597	0.00033626353625
1598	0.000411553617127
1599	0.000115638867626
1600	0.000355065711398
1601	0.000255265555459
1602	0.0001029666108
1603	0.000418106103581
1604	0.000455272895596
1605	0.000278567216951
1606	0.000201595414589
1607	9.59468502809e-05
1608	0.000350865866958
1609	0.00028954660575
1610	0.00051205901099
1611	0.000341525671099
1612	0.000545119082102
1613	0.000522998671123
1614	0.00023377906989
1615	0.000227212946273
1616	0.000311212040032
1617	0.000348971934518
1618	0.000126366862834
1619	0.000339761921427
1620	0.000432250772108
1621	0.000551956374692
1622	0.000514038284161
1623	0.000299286621918
1624	0.000257177397467
1625	0.00017551794556
1626	0.000215837724788
1627	8.84496198498e-05
1628	0.000386367912754
1629	0.000186000248262
1630	0.000419065311622
1631	8.70435044592e-05
1632	0.000247946060859
1633	0.000173592753417
1634	0.000275930816428
1635	0.000181902346963
1636	0.000359426823494
1637	0.000321662469106
1638	0.000184039810336
1639	0.00026775644823
1640	0.000102051000011
1641	0.000144517318764
1642	0.000274430149978
1643	0.000298951493487
1644	0.000231544743358
1645	0.000342588372578
1646	0.000123365230569
1647	0.0002468795417
1648	0.000206182415918
1649	0.000197783423539
1650	0.000171575636823
1651	5.12215930347e-05
1652	0.000251177512196
1653	0.000230729541062
1654	9.03348797453e-05
1655	0.000271894369128
1656	0.000286095060375
1657	9.74485879342e-05
1658	0.000127385755239
1659	0.00025659323999
1660	0.000185123887159
1661	0.000390594926445
1662	0.00042098184419
1663	0.000679020446352
1664	9.30291643341e-05
1665	0.000371447315384
1666	0.000313846004112
1667	0.000223620764068
1668	0.000357820754348
1669	0.000401274678735
1670	0.000101688276812
1671	0.000231726625626
1672	0.000205611896543
1673	0.000256523939428
1674	0.000184373229661
1675	0.000375068795433
1676	0.000175479877173
1677	0.000229474548584
1678	0.00014397975344
1679	0.000183631124189
1680	0.000301557618781
1681	0.000187977693255
1682	0.000195127286181
1683	0.000387021944833
1684	0.0063094309015
1685	0.000293517305967
1686	0.000238577157869
1687	0.000384937848786
1688	0.000339388669074
1689	0.00036462439146
1690	4.82953630264e-05
1691	0.000287687656927
1692	0.000312826888687
1693	8.01178105184e-05
1694	0.000246696507143
1695	0.000202609977431
1696	0.000119673253554
1697	8.10000495971e-05
1698	0.000176179809804
1699	0.000272613541686
1700	9.05692057951e-05
1701	0.000102811365223
1702	0.000261525841167
1703	0.000476482868751
1704	0.000162746347271
1705	0.000257036035994
1706	0.000231471966201
1707	0.000524981154961
1708	0.000116085720291
1709	0.000418710208461
1710	8.52417626146e-05
1711	7.88580421974e-05
1712	0.000314105554412
1713	6.6331932983e-05
1714	0.00052733940988
1715	0.000307408687682
1716	0.000290365809293
1717	0.000410291269647
1718	0.000527307919031
1719	0.000186005702311
1720	0.000252778115308
1721	0.00034014557213
1722	0.000216405437316
1723	0.00016722844724
1724	0.000207424324837
1725	0.000375999521844
1726	0.000193011441851
1727	0.000211732967459
1728	0.000171716621629
1729	0.000401170428091
1730	0.000675291036254
1731	9.58979522956e-05
1732	0.000250715424982
1733	0.000297508680267
1734	0.000175717568637
1735	0.000327820516428
1736	0.00044831811715
1737	0.000243447359366
1738	0.000180896830068
1739	0.000139227922227
1740	0.000235003278252
1741	0.000319869466654
1742	0.000386806043516
1743	0.0002049056079
1744	0.000239769096702
1745	0.000145853197589
1746	0.00057711168433
1747	0.000186944153763
1748	0.0001198896722
1749	0.000135520237163
1750	0.000373961742065
1751	0.000259803830973
1752	0.000339497202606
1753	0.000259111757424
1754	0.000197631875356
1755	4.69179477586e-05
1756	0.000138857882043
1757	0.000382477764438
1758	0.000244549489769
1759	8.50272361728e-05
1760	7.09904358415e-05
1761	0.000418768080969
1762	6.52158716303e-05
1763	0.000209964430716
1764	0.000142276395667
1765	0.000238563421723
1766	0.000255437893911
1767	0.000235835443546
1768	0.000628578403814
1769	0.000115713152341
1770	0.000329686165893
1771	9.59321358521e-05
1772	0.00020455104798
1773	0.000164100978836
1774	0.000174674586077
1775	6.22737031796e-05
1776	9.74485879342e-05
1777	6.97018509368e-05
1778	0.000254145302976
1779	0.00017238980062
1780	0.000131757105889
1781	0.00018803042597
1782	0.000230272619246
1783	0.000653823964531
1784	0.000152504106261
1785	0.0002395119973
1786	0.000464233244173
1787	0.000295770304791
1788	0.000152578480992
1789	0.000309572685821
1790	0.00022328088621
1791	0.000403984069185
1792	8.19043791364e-05
1793	0.000417996331902
1794	0.000340826779754
1795	0.000271482571328
1796	0.000221779580907
1797	7.49395980656e-05
1798	0.000271004686012
1799	0.000438814551259
1800	0.000713429406194
1801	0.000164633248806
1802	0.000117610669732
1803	0.000237096340407
1804	0.00055701372813
1805	0.000123199522608
1806	0.00028855386136
1807	0.000311091214356
1808	0.000159032150713
1809	0.000339824339533
1810	0.000305190258053
1811	0.000211697618042
1812	0.00022670815962
1813	0.000489069088247
1814	0.00011143763604
1815	0.00018365313125
1816	0.00037739817848
1817	0.00011394459141
1818	0.000182725131343
1819	0.000282430940801
1820	0.000337610143672
1821	0.00010915004292
1822	0.000134250495517
1823	0.000374553818563
1824	0.000292218919217
1825	0.0002695070443
1826	0.000303198724926
1827	0.000597940661469
1828	0.000304743477108
1829	0.000144591234168
1830	0.000119080375111
1831	0.000331897267381
1832	0.000162855215752
1833	0.000543466510846
1834	4.27408312203e-05
1835	0.000555936538728
1836	0.000118766850541
1837	0.000300416974558
1838	0.000103336525539
1839	0.00047851282449
1840	0.000129181859006
1841	0.000241838701705
1842	0.000354746100151
1843	0.000154418402461
1844	0.00041451709686
1845	0.000334500214562
1846	0.000173207689186
1847	0.000218734865373
1848	0.000195149197919
1849	0.00034560357822
1850	0.000183825150905
1851	0.000181037852341
1852	0.000145383900544
1853	0.00010152393395
1854	5.54801992334e-05
1855	7.38865670159e-05
1856	5.64711678143e-05
1857	0.000344374210048
1858	0.000207148010871
1859	0.000229578210458
1860	0.000157588231542
1861	0.000337089504752
1862	0.000267828052894
1863	0.000227295132951
1864	0.00032959253402
1865	8.26275809962e-05
1866	0.000281242648174
1867	0.000375718207998
1868	0.000362087977287
1869	0.000128949949462
1870	0.000157688077852
1871	0.000402285860617
1872	0.000253697691663
1873	0.000205633416334
1874	7.54676948498e-05
1875	0.000158207167936
1876	0.000380584834907
1877	0.000211639723315
1878	0.000226333171078
1879	0.000428521948983
1880	0.000256268003007
1881	0.000297466763709
1882	0.000311358637065
1883	0.00012088046256
1884	0.000169920450309
1885	0.00016026861865
1886	0.000324387544691
1887	8.48540745945e-05
1888	0.000727893065592
1889	0.000215018212586
1890	0.00014574940781
1891	0.000235784276067
1892	0.000117104810521
1893	0.000404117054543
1894	0.000324145743738
1895	0.00029093713462
1896	0.000133360481742
1897	0.000224690995368
1898	0.000307097115539
1899	0.000376529376102
1900	0.000115867293012
1901	0.000125692655558
1902	0.000385613329549
1903	0.000205704875055
1904	0.00022354455976
1905	0.000121741514201
1906	0.000169882226902
1907	0.000167030243584
1908	0.000112165441816
1909	0.000258011381764
1910	0.00025384005221
1911	0.000236677053269
1912	0.00381757323717
1913	0.000105123742315
1914	0.000247681133566
1915	0.000124849223227
1916	0.000262050554659
1917	0.000352825445775
1918	0.000303024355381
1919	0.000285548561636
1920	0.000368601824432
1921	0.000212098378446
1922	0.000154756428756
1923	0.000257806799819
1924	7.48316056389e-05
1925	0.000245907024028
1926	0.000461842024872
1927	0.000282902016106
1928	0.000137741662302
1929	0.000284548981306
1930	0.000120459725028
1931	0.000209479260716
1932	0.000291170086358
1933	0.000120061078846
1934	0.000125347755302
1935	0.000260231511839
1936	0.000203296891943
1937	7.31799030506e-05
1938	0.00035085463815
1939	0.000262060039402
1940	0.000289070081537
1941	0.000539112123724
1942	0.00012688871439
1943	0.00035943017485
1944	0.000164160846025
1945	0.000442748102922
1946	0.000353799988119
1947	0.00037419590559
1948	0.000328369005553
1949	9.61169695814e-05
1950	9.44042724507e-05
1951	0.000323688111246
1952	9.19893748968e-05
1953	0.000238930814573
1954	0.000329772811252
1955	0.000289790085629
1956	0.000148086352699
1957	0.000213609266961
1958	0.000189962943308
1959	0.000370820146455
1960	0.000352251053381
1961	0.000111184000396
1962	0.000347083036692
1963	0.000179921825658
1964	0.000532311750816
1965	0.000157904815451
1966	0.000336042333763
1967	4.82885448853e-05
1968	0.000188221895936
1969	4.9750646146e-05
1970	0.000264367893699
1971	0.000329864045906
1972	0.000343797030598
1973	0.000318596636668
1974	8.54642544053e-05
1975	0.000297041456118
1976	0.000212163903179
1977	9.0424158316e-05
1978	0.000143872253005
1979	0.000330032665669
1980	0.000298243032685
1981	0.000195665404976
1982	0.000116561210601
1983	0.000382728666117
1984	0.000335973743492
1985	0.000444097667351
1986	0.00029363324722
1987	0.000142993859729
1988	0.000209552254132
1989	0.000182587940256
1990	0.000183112466831
1991	0.000257257929801
1992	0.000159170458006
1993	0.000381908962112
1994	0.000207078502918
1995	0.000321107709451
1996	7.95145425257e-05
1997	0.000259127872302
1998	0.000279639644756
1999	0.000185536110646
2000	0.000183694779435
2001	0.000303224292353
2002	0.000272351686702
2003	0.000182668635498
2004	0.000259973947805
2005	0.000292526161166
2006	0.000272749993128
2007	0.000495911796128
2008	8.56077621857e-05
2009	0.000232182596108
2010	0.0002655266525
2011	0.000213715489868
2012	0.000103021060584
2013	7.76422522483e-05
2014	8.42727605267e-05
2015	8.37329903109e-05
2016	0.000116178772954
2017	0.00012694073697
2018	0.000283204513144
2019	9.07277388055e-05
2020	0.000297305760428
2021	9.09985211438e-05
2022	0.00025891735234
2023	0.000211446322795
2024	0.000271328888058
2025	0.000171997815168
2026	0.000283878517957
2027	0.000231634729576
2028	0.000328195003833
2029	0.000171595292102
2030	0.000346841675858
2031	0.000260912743702
2032	0.000448384014552
2033	0.000322771094181
2034	0.00014532132396
2035	0.000249067015029
2036	0.000139087490558
2037	0.000348844561813
2038	0.000429305650365
2039	0.000341039370399
2040	0.000296913692102
2041	0.000132515751031
2042	0.000302151079119
2043	0.000325244233358
2044	9.41167588755e-05
2045	0.000327272326972
2046	0.000239088642107
2047	0.00083086571315
2048	9.63730726144e-05
2049	0.00030671763636
2050	0.000139832656212
2051	0.000119661039836
2052	0.000325984987392
2053	0.000351627042524
2054	0.000494693349572
2055	0.000160519869777
2056	0.000253819512156
2057	0.000155535281566
2058	0.000177859778536
2059	0.000354930940391
2060	0.000225421575432
2061	0.000255574931399
2062	0.00024926788178
2063	0.000272303451557
2064	0.00034713528272
2065	0.000104084480245
2066	8.19482984212e-05
2067	0.000117748027318
2068	0.000433384600434
2069	0.000327077513454
2070	0.00013053204171
2071	0.000369678244275
2072	0.000399108113461
2073	0.000361574233568
2074	0.000302359603902
2075	0.000176288819393
2076	0.000172713095217
2077	0.000243462194801
2078	0.000378627814148
2079	4.14361796053e-05
2080	9.77693206795e-05
2081	0.000520354186859
2082	0.00016481516559
2083	0.000280497218153
2084	0.000288519074777
2085	0.000191626660149
2086	0.000261824603988
2087	0.000478253649584
2088	0.000369663246965
2089	0.000203503285904
2090	0.000349259195294
2091	0.000282844497619
2092	0.000141770078835
2093	0.000335877278694
2094	0.000134624507729
2095	0.000292422270353
2096	0.000104128438332
2097	0.00020744109511
2098	0.000230433362301
2099	0.000117967941538
2100	9.48413744272e-05
2101	0.000245477332926
2102	0.00041343957071
2103	0.000346622353657
2104	0.000335041662939
2105	0.000120877560965
2106	0.000103099724937
2107	0.000307765875594
2108	0.000305728657556
2109	0.000258804144269
2110	0.000164352318837
2111	0.000560145681742
2112	0.000303296608481
2113	0.000142140992623
2114	0.000145126861318
2115	0.000261515274514
2116	0.000312320596919
2117	0.000485820218684
2118	0.000348242017026
2119	0.000149902291947
2120	0.000222692520835
2121	0.000298964033731
2122	0.000276226824654
2123	0.000376170165007
2124	0.00031596143491
2125	0.000372122076259
2126	0.00044945622045
2127	0.000356416200539
2128	0.000310110690537
2129	0.000330948569408
2130	0.000114989208387
2131	0.00036909396676
2132	0.000306005403094
2133	0.000576601748626
2134	0.000270930770553
2135	0.000277629489844
2136	0.000160373174395
2137	0.000162786584438
2138	0.000420020432682
2139	0.000330345123597
2140	0.000319142767146
2141	0.000135515203286
2142	0.000435658070457
2143	0.000342337954392
2144	0.000253707078006
2145	0.000246671440423
2146	0.00021827023003
2147	0.000132713350076
2148	0.000283711893169
2149	0.000397358491756
2150	0.000360409459444
2151	0.000269672530936
2152	0.000186510014342
2153	0.000415684995992
2154	0.000303175870521
2155	0.000178103020267
2156	0.000267011108606
2157	0.000209070489142
2158	0.000105978555173
2159	0.000252237296451
2160	0.00022685862137
2161	0.000272034372082
2162	0.000140672660178
2163	0.000123649398034
2164	0.00019146163911
2165	0.00025190741444
2166	9.41403156353e-05
2167	0.000103279585296
2168	8.1837712488e-05
2169	0.000337659475738
2170	0.000179540720895
2171	0.000332182633403
2172	0.000360607981674
2173	0.000265007290464
2174	0.000386504680375
2175	7.14561305168e-05
2176	0.000421682893302
2177	7.22753621191e-05
2178	6.59089370995e-05
2179	0.000193509412102
2180	0.000347710161775
2181	0.000170787783867
2182	7.34216831545e-05
2183	0.000402331109102
2184	0.0003486398618
2185	9.41348498232e-05
2186	0.000116215544357
2187	0.000444716374001
2188	0.000360294203282
2189	0.000335339642841
2190	0.000313169486892
2191	0.000272813667716
2192	0.00021918109467
2193	0.000140433243989
2194	0.000334617971895
2195	4.14361796053e-05
2196	0.000334415376686
2197	0.000188739492566
2198	0.000190779141192
2199	0.000548560695513
2200	0.000324503040108
2201	0.000350956086191
2202	0.000255096303407
2203	0.000327269118848
2204	9.53531632272e-05
2205	9.16290160441e-05
2206	0.000388574571318
2207	0.000193533839444
2208	9.32665741733e-05
2209	0.000179071340479
2210	0.000205704816051
2211	0.000272742311455
2212	0.000267121636382
2213	0.000206917730001
2214	0.000185033554177
2215	0.000198212208795
2216	0.000257308479716
2217	0.000172936904141
2218	0.000382506351064
2219	6.06618508171e-05
2220	0.000359442549124
2221	0.000167220183095
2222	0.000190531832649
2223	0.000362280336613
2224	0.000393358584901
2225	0.000225425613148
2226	0.000226353903111
2227	9.58800328964e-05
2228	0.000265896632272
2229	0.00039563509707
2230	6.86250618307e-05
2231	0.000294669882202
2232	0.000290326776193
2233	0.000428876418686
2234	0.000107771501035
2235	0.000256476384752
2236	0.000311763421869
2237	0.000242097459513
2238	0.000140438809485
2239	0.000160430146784
2240	0.000373480560498
2241	0.000362902075696
2242	0.000195035075143
2243	0.00020604962415
2244	0.000369414716555
2245	0.000132998583679
2246	0.000303348503929
2247	0.000390408776905
2248	0.000167381149386
2249	0.000102440776992
2250	0.000350999787685
2251	0.000106766724996
2252	6.84493892302e-05
2253	0.00029672923774
2254	0.000290469521527
2255	0.000118118454583
2256	7.75209229129e-05
2257	0.000294410313484
2258	0.000121645174727
2259	0.000220694769834
2260	0.000182735724729
2261	0.000249226883226
2262	7.94795979918e-05
2263	0.000114840891062
2264	0.000245753312533
2265	0.000100412546658
2266	0.000463253842903
2267	0.000270786891276
2268	0.000444449150392
2269	4.14361796053e-05
2270	0.000101456018064
2271	0.00033664510989
2272	0.000152516713754
2273	0.0002874534695
2274	0.000141156695437
2275	0.000342570684005
2276	0.000291811683523
2277	0.00014770190355
2278	0.000334037203169
2279	0.000389877322864
2280	0.000208471102008
2281	0.000164658947651
2282	0.00047614976583
2283	0.00051890872465
2284	0.00029111690466
2285	0.000187049146079
2286	0.000208565092595
2287	0.000154757284569
2288	0.00010153134353
2289	0.000565692016306
2290	0.000339151795125
2291	0.000123245239582
2292	0.000433440513462
2293	0.00017932411412
2294	0.000383337803613
2295	0.000102381878303
2296	0.0001884239578
2297	0.00020900210556
2298	9.76011634442e-05
2299	0.000292108999933
2300	0.000264206190343
2301	0.00016448594591
2302	0.000386511005687
2303	0.000102510860413
2304	0.000234607464874
2305	8.52145696875e-05
2306	0.000222751720997
2307	0.000267560080938
2308	0.000293320375349
2309	0.000377428444887
2310	0.000122533048411
2311	0.000126256080555
2312	9.67638035132e-05
2313	0.000730432680404
2314	0.000172191381148
2315	0.000233552715814
2316	0.000118182029206
2317	0.000313555458168
2318	0.000196403281804
2319	0.000376081368907
2320	0.000167244895187
2321	0.000118792244672
2322	0.000287013023554
2323	0.000339799838661
2324	0.000376117957505
2325	0.000335801279235
2326	0.000334631995736
2327	0.000392968110038
2328	0.000511443526976
2329	0.000242988617445
2330	0.000168310171875
2331	0.000354025041918
2332	0.000318500768057
2333	0.000489221376932
2334	0.000278540218956
2335	0.000284251457104
2336	0.000453568483802
2337	0.000193201562977
2338	0.000329222929027
2339	0.000342419666602
2340	0.000366065173006
2341	0.000243955808885
2342	0.000260959157601
2343	0.000251756920855
2344	0.000381937849122
2345	0.000228170635355
2346	0.000198310196912
2347	0.000637587603086
2348	0.000287299287006
2349	0.000180752322068
2350	0.000105162181963
2351	0.000334293873893
2352	0.000313260439041
2353	0.000180356853372
2354	0.000329638222039
2355	0.000139011451599
2356	0.000319013072487
2357	0.000145698907662
2358	7.67645074964e-05
2359	0.000276999723935
2360	0.000131496896941
2361	0.000361935117318
2362	0.000137466223821
2363	0.00031221794705
2364	0.000331803853515
2365	0.000282360173285
2366	0.000195049903173
2367	0.000210572866014
2368	0.000269789211985
2369	0.000365370315565
2370	0.000296919898329
2371	0.00029696722543
2372	0.000327324176689
2373	0.00012872269226
2374	0.000312711921946
2375	9.68516691993e-05
2376	0.000341691101526
2377	0.000298350951193
2378	0.000258574055656
2379	0.000161554894682
2380	5.60908031691e-05
2381	0.000327289736629
2382	5.56112780765e-05
2383	8.62515692757e-05
2384	0.000581056711356
2385	0.000203679168687
2386	0.000265768965834
2387	0.000155518469226
2388	8.26951136386e-05
2389	0.000143300825863
2390	0.000179396837595
2391	0.000184907927921
2392	0.000192054784571
2393	0.000116510636843
2394	0.000306117269702
2395	0.000338000430447
2396	0.000238646135707
2397	0.000297451865292
2398	0.000345010010969
2399	0.000268400515561
2400	0.000103888103074
2401	0.00018483628114
2402	0.000148277602831
2403	0.000158201143283
2404	0.000325995305359
2405	0.00018796601491
2406	0.000209901762092
2407	0.000185170646128
2408	0.000288444617203
2409	0.000333220523198
2410	0.000390302750498
2411	0.000276580363713
2412	0.000290958101724
2413	9.98018043641e-05
2414	0.000340799943914
2415	0.000159444953477
2416	0.000188767497324
2417	0.000253364916557
2418	0.000228568572987
2419	0.000374487213331
2420	0.000251182417128
2421	0.00017403058474
2422	8.71113896824e-05
2423	0.000309344592581
2424	0.00011818217875
2425	0.000189924091123
2426	0.000163914333782
2427	9.31014860212e-05
2428	0.000360583032466
2429	0.000199639352766
2430	0.00028087547774
2431	8.79314208908e-05
2432	0.000127815781276
2433	0.000284064182671
2434	0.000301626299014
2435	0.000157744733087
2436	0.000294046703594
2437	0.000117543059977
2438	0.000240921545862
2439	0.000149778939795
2440	0.000270999908564
2441	7.47311111852e-05
2442	4.51278096561e-05
2443	0.000139307827782
2444	0.000165963322978
2445	0.000230420488321
2446	0.000302523645137
2447	0.000253724727444
2448	0.000285248928942
2449	0.000140665351169
2450	0.000162727495736
2451	0.000339032439386
2452	8.02953782686e-05
2453	0.000125578750698
2454	7.72792008637e-05
2455	0.000161946336319
2456	0.000133400089367
2457	4.14361796053e-05
2458	0.000310265430036
2459	0.000236358506552
2460	0.000317217404314
2461	0.000383909680661
2462	0.000207691116778
2463	0.000382362368183
2464	0.00037172249544
2465	0.000198787489809
2466	0.000120249888518
2467	0.00025098739695
2468	0.000372169234464
2469	0.000258877811156
2470	4.14361796053e-05
2471	0.000398320024676
2472	0.000270411423738
2473	0.000199297657074
2474	0.000220140887502
2475	0.000305514085063
2476	0.000116658599257
2477	0.000222534139324
2478	0.000232604620761
2479	0.000170247837622
2480	0.000149130605816
2481	7.15605637597e-05
2482	0.000303866006409
2483	8.60986857146e-05
2484	0.000245448167035
2485	0.000263323743589
2486	0.000180192338439
2487	0.000164658947651
2488	0.000325854591285
2489	0.000217780443901
2490	0.000145208990225
2491	0.000374618603186
2492	0.000330884868309
2493	6.02835440895e-05
2494	0.000214236834421
2495	0.000276168806601
2496	9.63092051018e-05
2497	0.00022140538609
2498	0.000317257878851
2499	0.000216462435036
2500	0.000335215184443
2501	0.000252039645841
2502	0.000168703841375
2503	0.000150563510549
2504	0.000285943120197
2505	7.44560064712e-05
2506	0.000248765664218
2507	0.000374583820043
2508	0.000306385540867
2509	0.000418263671822
2510	0.000423997685798
2511	0.00042410188345
2512	0.000320351820876
2513	0.000153360666657
2514	8.44698224942e-05
2515	0.000138521346126
2516	0.000280036912876
2517	6.91354252136e-05
2518	0.000172794186936
2519	0.000134603101656
2520	0.000311071525207
2521	0.000271698790777
2522	7.85470076871e-05
2523	0.000153915859684
2524	6.35992642824e-05
2525	0.000174242994372
2526	0.000384668760983
2527	9.53746478072e-05
2528	0.000115811649746
2529	0.000156046538539
2530	0.000118094242173
2531	0.000121431454366
2532	0.000211094304753
2533	0.000305856740449
2534	0.000167843893251
2535	0.000186180864779
2536	0.000147731085426
2537	0.000306836451716
2538	0.000284450586836
2539	0.000267264994955
2540	0.000243388517772
2541	5.56112780765e-05
2542	0.000377273195924
2543	0.00068117013438
2544	0.000124017326132
2545	7.12665540245e-05
2546	0.000276053298707
2547	0.000184010229004
2548	0.00012129612131
2549	0.000300432515766
2550	0.000317236980282
2551	0.000300239690603
2552	0.000222160049905
2553	0.000327608547844
2554	0.000190017907216
2555	0.000409574080484
2556	0.000254680048385
2557	0.000163581217892
2558	0.000289301740846
2559	0.000308571125377
2560	0.000386612079379
2561	0.000296863762159
2562	0.00014170775199
2563	0.000219212508429
2564	0.000351183131443
2565	7.95145425257e-05
2566	0.000158711138104
2567	0.000349135959053
2568	7.31520354221e-05
2569	4.14361796053e-05
2570	0.000215884788324
2571	0.000132467835474
2572	9.07694362025e-05
2573	0.000288700141681
2574	0.000208048344786
2575	0.000274152579676
2576	0.000126582049179
2577	0.000187339467439
2578	0.000306975963527
2579	0.000227633948732
2580	7.39973220654e-05
2581	0.000162792606667
2582	0.000316481675903
2583	0.000240804613381
2584	8.12460001265e-05
2585	0.000214853112675
2586	0.000344739535626
2587	0.000191251262572
2588	0.000292892400649
2589	0.000259020086864
2590	0.000365528415798
2591	0.000195237754992
2592	0.000379126448216
2593	0.000341272145784
2594	0.00031475621764
2595	8.60986857146e-05
2596	4.14361796053e-05
2597	0.000326654368541
2598	0.000493351280727
2599	7.55017146484e-05
2600	0.000340774855199
2601	0.000352403297761
2602	0.000371783593718
2603	0.000248473642226
2604	0.000368589453773
2605	8.8623435113e-05
2606	0.000161514485536
2607	0.000361477277322
2608	0.000322951231148
2609	0.000167085265286
2610	0.000251915709403
2611	0.000400918062654
2612	0.000157468200984
2613	9.01620121429e-05
2614	0.000180390922153
2615	0.000344019489241
2616	0.000325781020749
2617	0.000354911859891
2618	0.000210724275239
2619	0.000309040718454
2620	0.000280792183372
2621	0.000100664109252
2622	0.000187790464691
2623	0.000254995434775
2624	0.000355322102001
2625	0.000344009779328
2626	0.000195452307141
2627	0.00021682491289
2628	0.000234421061016
2629	0.000387512832128
2630	0.000323327609483
2631	0.00023447241818
2632	9.96964990964e-05
2633	0.000220563074634
2634	9.64197504088e-05
2635	0.000100683068623
2636	0.000205233132672
2637	0.000176806478524
2638	0.000308917343873
2639	0.000200009524443
2640	0.000282938523498
2641	0.000114431881495
2642	0.000451083952654
2643	0.000310100242637
2644	0.000236531443635
2645	0.000279490275619
2646	0.000265828252251
2647	0.000252259209551
2648	0.000254445292584
2649	0.000375536962666
2650	0.000185360859276
2651	8.48441732291e-05
2652	0.00017843393462
2653	0.000234553721031
2654	0.000284085396654
2655	0.000312753182778
2656	0.000153282763815
2657	0.000270971978347
2658	0.000196925706157
2659	0.000347671496094
2660	0.000203809793961
2661	0.000534175049008
2662	0.000254738121739
2663	0.000204899954663
2664	0.000378138041123
2665	0.000341260250908
2666	0.000286593511198
2667	0.00017608375383
2668	0.000280159701301
2669	0.000435566858417
2670	0.000250219025362
2671	0.000104802488678
2672	0.000231067061953
2673	0.000168837756945
2674	0.00037857189956
2675	0.000271469088551
2676	0.000382164100271
2677	0.000167013830173
2678	0.000112565475024
2679	0.000425355970023
2680	0.000255792528134
2681	0.000225401727698
2682	0.000151125115288
2683	0.000390757261647
2684	0.000185098299896
2685	0.000124550155958
2686	0.000190402661305
2687	0.000151431884309
2688	0.000125699366047
2689	0.000312247003335
2690	0.000252022042496
2691	0.000101331958839
2692	6.99882031526e-05
2693	0.000190572970557
2694	0.00042689073847
2695	8.90751440835e-05
2696	0.000170270710188
2697	0.000154807608363
2698	0.000319064861607
2699	0.000178656318459
2700	0.000154066710015
2701	0.000173398030949
2702	0.000193341880191
2703	0.000236152510528
2704	5.83344681014e-05
2705	0.000151099222905
2706	0.000330741223221
2707	0.000132089630603
2708	0.00021386679115
2709	0.000124429040418
2710	0.000124285002563
2711	0.000246516945091
2712	0.000259127985072
2713	0.000221828837547
2714	5.88581929586e-05
2715	0.00024334706988
2716	0.000563143481425
2717	0.000252018291342
2718	0.000275577519516
2719	0.000545661803341
2720	0.000296669035495
2721	0.000104802488678
2722	5.41012610637e-05
2723	0.000113707286071
2724	0.000522348985855
2725	0.000102767630032
2726	0.00015456516292
2727	0.00012885036784
2728	0.000288739789737
2729	0.000329123276859
2730	0.000621324489547
2731	0.000176420448012
2732	0.000171929559253
2733	0.000164147572981
2734	0.000258019235181
2735	0.000166187322485
2736	7.52366651261e-05
2737	0.000159363068591
2738	0.000428675564735
2739	0.000241900042572
2740	5.83344681014e-05
2741	0.000282795088078
2742	0.000624526381961
2743	0.000256951980718
2744	0.000127359748124
2745	0.000206741468413
2746	9.99543756331e-05
2747	0.000122616897921
2748	0.000440893002732
2749	0.000256776140363
2750	0.00038389880535
2751	0.000239452069757
2752	8.6686928703e-05
2753	0.000300247127397
2754	0.000570439056541
2755	0.000398580675394
2756	0.000232065015237
2757	0.000379291319106
2758	0.000341690156548
2759	0.000166192417005
2760	0.000133422671939
2761	0.000169974930037
2762	0.000174829178109
2763	0.000317319325455
2764	0.00023669840648
2765	0.00026575193515
2766	0.000112767219881
2767	9.95771324032e-05
2768	0.000214287765801
2769	0.000116532137419
2770	0.000232922140676
2771	0.000158996570313
2772	0.000261509400153
2773	0.000275174559804
2774	0.000153925787109
2775	0.000211097023787
2776	0.000131095368003
2777	0.000381729293561
2778	0.000523291083417
2779	0.000163210176487
2780	0.000383004582957
2781	0.000399110694539
2782	0.000444109441353
2783	0.000233518765589
2784	0.000228137363342
2785	0.000293373136193
2786	0.000471003180612
2787	0.000325509113181
2788	6.49338519924e-05
2789	0.000174208511226
2790	0.000101586988241
2791	0.000131833579313
2792	0.000101331958839
2793	0.000537788655997
2794	0.0001267133267
2795	0.000203231773982
2796	0.000338041576747
2797	0.000181586734766
2798	5.37128148816e-05
2799	0.000160101003299
2800	0.000377106166045
2801	0.000105116139421
2802	9.20759425497e-05
2803	0.00019004329596
2804	9.04209760043e-05
2805	0.000132190789468
2806	0.000277622906369
2807	0.000180191326399
2808	7.07111731007e-05
2809	0.00016440942372
2810	0.000292068620285
2811	8.11502163119e-05
2812	0.000205547367956
2813	0.000242304212355
2814	5.88798666122e-05
2815	0.000268667435788
2816	0.000108139860898
2817	0.000131141887532
2818	0.000155985802275
2819	0.000185940134621
2820	0.000151733662976
2821	0.00011401059266
2822	0.000153442735345
2823	0.000233374890088
2824	0.000104802488678
2825	0.000169371130911
2826	0.000118011948095
2827	0.000344108094626
2828	0.000417979534125
2829	0.000225202994884
2830	0.000170215747441
2831	0.000159362031945
2832	0.000228435391769
2833	0.000444253193137
2834	0.000129087123946
2835	0.000218966586087
2836	0.000271632974489
2837	0.00013490314125
2838	9.3085861887e-05
2839	0.000623068721899
2840	0.000226415803049
2841	0.000263351039229
2842	4.39096579514e-05
2843	0.000232843128341
2844	0.000219689129687
2845	0.000184774318873
2846	0.000193436898135
2847	0.000120718037636
2848	0.000182265587589
2849	0.000432550853988
2850	0.000172287335581
2851	0.000182428892987
2852	8.33589953179e-05
2853	0.000336798748556
2854	0.000212690017493
2855	5.95834289285e-05
2856	0.000163271993489
2857	6.0886668242e-05
2858	0.000166089845213
2859	0.000159360177279
2860	5.6324153973e-05
2861	0.000217859661947
2862	0.000331869983925
2863	0.000635380723201
2864	0.0003479199833
2865	0.000319089886144
2866	0.000361195948328
2867	0.00037092059243
2868	0.000176192621502
2869	0.000403485965188
2870	0.000187768331665
2871	0.000292410781816
2872	0.000347440283294
2873	0.000346635728588
2874	0.000240389769337
2875	0.000310088361841
2876	0.000122315215874
2877	0.000475971035905
2878	0.000107702963645
2879	0.000212156036051
2880	0.000310159469854
2881	0.000304442130169
2882	0.000106856778304
2883	0.00013853114295
2884	8.06176647334e-05
2885	9.04756371357e-05
2886	0.000161330529327
2887	0.000214043763704
2888	0.000132344018434
2889	0.000242188208832
2890	0.000420508165828
2891	0.000134677398564
2892	0.000219669875508
2893	0.000111606753219
2894	0.000361733636733
2895	9.85989105699e-05
2896	0.000251362079852
2897	0.000257288400372
2898	9.84893238768e-05
2899	8.19881611049e-05
2900	0.000108854261404
2901	0.000457381515408
2902	0.00015302985552
2903	0.000104045965137
2904	0.000446715873922
2905	0.000340281929585
2906	0.000412820069251
2907	0.00017666852338
2908	0.000146269356355
2909	0.000368935685358
2910	0.00037457812831
2911	0.000317133527791
2912	0.000284300329939
2913	0.000348356234695
2914	0.000275669212268
2915	0.000431408113917
2916	0.000394058161787
2917	0.000112282665152
2918	0.000170951829117
2919	0.000330404363478
2920	0.000348139619696
2921	0.000281966081681
2922	7.00066869551e-05
2923	0.000151587816362
2924	0.000209163145002
2925	0.000366542840892
2926	0.000140693601901
2927	0.000424528982294
2928	0.000405737749184
2929	0.000241741688353
2930	0.000171929559253
2931	0.000266977059822
2932	0.000290390535274
2933	0.000174252081791
2934	0.000185968912553
2935	0.00015183081791
2936	0.000360999051943
2937	0.000357136631982
2938	0.000167177708386
2939	0.000377106440244
2940	0.00029898351527
2941	0.000122032874424
2942	9.90707057628e-05
2943	0.000385222256335
2944	0.000493619664591
2945	0.000265053140289
2946	0.000340826669945
2947	0.000147458457101
2948	0.000140156979762
2949	0.000269743217648
2950	0.000305406818861
2951	0.000668895844
2952	6.11671341794e-05
2953	0.000180767218411
2954	0.000134036110245
2955	0.000327354358219
2956	0.000437450483566
2957	0.000144237163055
2958	0.000288374785595
2959	0.000225927451996
2960	0.000418514297556
2961	0.000103211948794
2962	0.000206711738281
2963	5.9542180987e-05
2964	0.000166710295945
2965	0.000139639553255
2966	0.000484497541283
2967	0.00014282550472
2968	0.000135620582949
2969	0.00032938061482
2970	0.00024564874373
2971	6.78153075676e-05
2972	0.000224704089597
2973	0.000399904668634
2974	0.000277350417645
2975	6.89182772323e-05
2976	0.000259401292842
2977	0.00017912332689
2978	0.000213810038464
2979	0.000173405292793
2980	6.96942778317e-05
2981	0.000145809371468
2982	0.000200514882496
2983	0.000221441227955
2984	0.000178302563036
2985	0.000276592667489
2986	0.000446552119821
2987	0.000155490563004
2988	0.000304394757425
2989	0.000340493923722
2990	0.000118279381702
2991	0.00033049435596
2992	0.000404789299117
2993	0.000274215396812
2994	0.000310979507862
2995	0.000129304900685
2996	0.000274157500435
2997	0.000174682657274
2998	5.7236474507e-05
2999	0.000307065396238
3000	0.000419940236724
3001	0.000287292652015
3002	0.000487249214062
3003	9.3085861887e-05
3004	0.000257633841029
3005	0.000304170679624
3006	4.9102896356e-05
3007	0.000173030489507
3008	0.000211859889749
3009	0.000147458421079
3010	0.000234469374901
3011	0.000305574895533
3012	0.000150493322556
3013	0.000178048316691
3014	0.000218271596929
3015	0.000101653983226
3016	0.000203643649248
3017	0.000428088755662
3018	0.000225771125986
3019	0.000496528892528
3020	0.000338136204415
3021	0.00027640751118
3022	0.000363189869197
3023	0.000195803919807
3024	0.000125912549407
3025	0.000292441812616
3026	0.000454242428456
3027	0.000432638326276
3028	0.000170125636551
3029	0.000255195561518
3030	8.92495542182e-05
3031	4.39096579514e-05
3032	0.000182421408543
3033	0.000401476119339
3034	0.000297552424017
3035	0.00048948443362
3036	0.000224080807483
3037	0.000101331958839
3038	0.00050938628869
3039	0.000154745628337
3040	0.000241744583586
3041	0.000190852586747
3042	0.000146039028367
3043	0.000146661151404
3044	7.12328472095e-05
3045	0.000116212127159
3046	0.00024612841148
3047	0.000237313572222
3048	0.000141296836013
3049	0.0004093870222
3050	0.000143987132523
3051	0.00056757278457
3052	0.000265187477337
3053	0.000194254399888
3054	0.000387928624827
3055	0.000153925787109
3056	0.000360894082953
3057	0.000180500321366
3058	0.000121580958681
3059	7.96252727279e-05
3060	0.000442520890429
3061	0.000155280656616
3062	0.00025168107327
3063	0.000148318818426
3064	0.000295127648194
3065	0.000253342733733
3066	0.0001988621121
3067	0.000126367256856
3068	0.000144922769014
3069	0.000144375301726
3070	0.000338848987402
3071	4.39096579514e-05
3072	0.000378825902452
3073	0.000300622344609
3074	0.000153925787109
3075	0.000182405988716
3076	0.000493805790112
3077	0.00045956757268
3078	0.000437270489886
3079	0.000245711774947
3080	0.000209529907167
3081	0.000231534358209
3082	0.000624497324198
3083	0.000151251048813
3084	0.000394709261699
3085	0.00025268444893
3086	0.0002849714689
3087	0.00037411302359
3088	9.93094192283e-05
3089	0.000320331419387
3090	0.000541803503805
3091	0.000104802488678
3092	8.98235410336e-05
3093	0.000134334264003
3094	7.33769818434e-05
3095	0.000138003172116
3096	0.000344928466132
3097	0.000289506169844
3098	0.000303034584032
3099	0.00011063469273
3100	0.000242145389358
3101	0.000669662196187
3102	0.000270224016373
3103	0.000171177470181
3104	0.000416022075033
3105	0.000221191988093
3106	0.000347843915669
3107	0.000362566799864
3108	0.000289425790226
3109	0.000138429055475
3110	0.000147072132871
3111	0.00032742307686
3112	0.000100171111982
3113	0.000385245194165
3114	0.000265271335715
3115	0.000346168786423
3116	0.000563844419826
3117	0.000337182739943
3118	0.000295563264224
3119	0.00034186871283
3120	0.000383875211793
3121	8.64261870371e-05
3122	0.000177124099635
3123	0.000192474878764
3124	0.000225019729888
3125	5.1012399008e-05
3126	0.000137028796834
3127	0.000153925787109
3128	0.000157936998196
3129	0.000192711925385
3130	0.000125928068089
3131	0.000171929559253
3132	0.000445398103426
3133	0.000103746434038
3134	5.09139011457e-05
3135	0.000190734712328
3136	0.000453547961506
3137	0.000293708810043
3138	0.000173431476184
3139	0.00018466985054
3140	0.000454456374774
3141	0.000216612799558
3142	0.000264777803436
3143	6.60759820238e-05
3144	0.000145240330445
3145	0.000393827782857
3146	0.000340680934805
3147	0.000131141887532
3148	0.000208224161319
3149	0.000307992322741
3150	0.000503718743763
3151	0.000124733756934
3152	0.000480417092341
3153	0.000116752307269
3154	0.000579466687917
3155	0.000158645402504
3156	0.000128744127545
3157	0.000144920390402
3158	0.000264873878472
3159	9.08851457812e-05
3160	0.000198140332713
3161	8.006445497e-05
3162	0.000419213367455
3163	0.000133747005073
3164	0.000118375014055
3165	9.16518829219e-05
3166	0.000205872395938
3167	0.00015130635553
3168	0.000360543443734
3169	0.000329698134025
3170	0.000165764886876
3171	0.000165779611944
3172	0.000412676841085
3173	0.000162804977346
3174	0.000337376526256
3175	7.33883359224e-05
3176	0.000224858948738
3177	0.000302118471878
3178	0.00021483795669
3179	0.000392313200679
3180	0.000171929559253
3181	0.000171929559253
3182	0.000389863660902
3183	4.39096579514e-05
3184	0.00030415814595
3185	0.000459795916047
3186	0.000185634365136
3187	0.000283996535122
3188	0.000316889529882
3189	0.000155000286847
3190	0.000125571582525
3191	0.000270482490328
3192	0.000129737004368
3193	0.000164999850488
3194	0.000136073961924
3195	0.000334147096119
3196	0.000306127228957
3197	9.14523629506e-05
3198	0.000507909527014
3199	0.000155509382187
3200	0.000219669999724
3201	0.000495927385014
3202	8.63496666728e-05
3203	0.000224000420358
3204	0.000284081684554
3205	0.000150392759977
3206	0.000285177774805
3207	0.000305622296066
3208	0.000141239774117
3209	0.000170661332087
3210	0.00012580018964
3211	0.000205453036054
3212	0.000230069313658
3213	0.000201904974746
3214	0.000451832352068
3215	0.000186611705951
3216	0.000139270219493
3217	7.72737478528e-05
3218	0.000177124099635
3219	0.000281933827749
3220	0.000264245540755
3221	0.000226230140804
3222	0.000162018744116
3223	0.00018705092806
3224	0.000325385779354
3225	0.000197980112376
3226	0.000360874151317
3227	7.7919700595e-05
3228	0.000188500351626
3229	0.000134486710622
3230	4.39096579514e-05
3231	0.000226114244768
3232	0.000476979996806
3233	0.000461251311599
3234	0.000192238977325
3235	8.09438668552e-05
3236	0.000173813668554
3237	0.000173789455996
3238	0.000209107158683
3239	0.000335178602565
3240	0.00038501412016
3241	0.000166193763996
3242	0.000141320316849
3243	0.000150880586821
3244	0.000141611956622
3245	0.000144218056505
3246	0.000136182502614
3247	0.000354782465513
3248	0.000274247762978
3249	0.000127377261181
3250	0.000173481006863
3251	0.00018810197129
3252	0.000459294808707
3253	0.000352247836922
3254	0.000118004298779
3255	0.000250851863308
3256	0.000499130560441
3257	0.000226539900203
3258	0.000299893749624
3259	0.000234343164293
3260	0.000189905723058
3261	0.000321431442098
3262	0.000164716769402
3263	0.000471205868503
3264	0.00024807383987
3265	0.000282248287078
3266	0.000106337584132
3267	0.000409312180325
3268	7.63651962486e-05
3269	0.000109477656185
3270	7.66523351231e-05
3271	0.000123659859951
3272	0.000288772839711
3273	0.000212133468078
3274	0.000412175618313
3275	0.000248009334766
3276	0.000166018537146
3277	0.00038840440336
3278	0.000184084509941
3279	0.000212056009736
3280	0.000606851156895
3281	0.000103857060854
3282	5.01279631869e-05
3283	0.00021314822433
3284	0.000319225935286
3285	0.000219487661213
3286	0.000146746583295
3287	0.000306553295356
3288	0.000287861693043
3289	0.000156957722614
3290	0.000101003492615
3291	0.000665487747955
3292	0.000118989474107
3293	0.000292252976338
3294	0.000153010423353
3295	0.000351357120155
3296	0.000256486082906
3297	0.000342755832952
3298	0.000280907612928
3299	0.000367472895855
3300	0.000175887696033
3301	0.000208848113961
3302	0.000461391419183
3303	0.000229288798904
3304	0.000198090519334
3305	7.37793149249e-05
3306	0.000162860772407
3307	0.000165857704875
3308	0.000115486449154
3309	0.000229015381439
3310	8.67889023674e-05
3311	0.000155207520389
3312	0.000152280799696
3313	0.000228184345577
3314	0.000214162714497
3315	0.000106550354574
3316	0.000228458700258
3317	8.48353904112e-05
3318	0.000257729329378
3319	0.00018893853288
3320	0.00062870956684
3321	0.000407708525398
3322	0.000137028796834
3323	7.88887350924e-05
3324	0.000437572963959
3325	0.000244611954264
3326	0.000138790805018
3327	0.00039439221135
3328	0.000161616103716
3329	0.000169425242028
3330	0.000519535384424
3331	0.000278852851012
3332	0.000349780923043
3333	8.36490587368e-05
3334	9.69923711346e-05
3335	0.000378861143569
3336	0.00012370911894
3337	0.000183680405201
3338	0.000127595906318
3339	0.00033504857647
3340	0.000148926890975
3341	0.000237495975108
3342	0.000429810927634
3343	0.000140750091133
3344	0.000414422870571
3345	0.000388304355205
3346	0.000267612686365
3347	0.000422826670849
3348	0.000379328232403
3349	0.000119282457968
3350	0.000464428853626
3351	0.000451579678982
3352	0.000111189443151
3353	0.000388389154047
3354	0.000177124099635
3355	0.000306466137052
3356	0.000169187229881
3357	0.000126662026945
3358	0.000109140461705
3359	0.00015227840106
3360	0.000450066258075
3361	0.000149363991515
3362	0.000362135635774
3363	0.000598796030285
3364	0.000242656915073
3365	0.000356866679213
3366	0.000440997300417
3367	9.75715783955e-05
3368	0.00012568899876
3369	0.00033005703399
3370	7.58394524773e-05
3371	0.000137747658832
3372	0.00015302985552
3373	0.00015003207747
3374	0.000162908187575
3375	5.89354492392e-05
3376	0.000120597603882
3377	0.000208683527881
3378	0.000346898164557
3379	0.000189034771212
3380	0.00016101825732
3381	0.000299381023337
3382	0.00022391480189
3383	0.000165008889065
3384	0.000241814558735
3385	0.000380867700183
3386	0.000311416505053
3387	0.000439380024608
3388	9.66321452169e-05
3389	9.42644311391e-05
3390	0.00015852414297
3391	0.000293509068728
3392	0.000160256241725
3393	0.000157174803197
3394	0.000216220583045
3395	0.000271506556757
3396	0.000439859422332
3397	0.00064646764641
3398	0.000106194217628
3399	0.00018721147902
3400	0.000204947356891
3401	0.000120597603882
3402	0.000170587832192
3403	0.000333472161815
3404	0.000151755551137
3405	0.000148154846087
3406	0.000413527009221
3407	7.63651962486e-05
3408	5.10098935121e-05
3409	0.000141607630258
3410	0.000145312613149
3411	0.000374699960915
3412	0.000334669882171
3413	5.87368683152e-05
3414	0.000121302836313
3415	0.000217173389927
3416	0.000293661181232
3417	0.000410114036044
3418	0.000102025395162
3419	0.000351776299519
3420	0.000194628620403
3421	0.000155845980172
3422	0.000250964904235
3423	0.000212344067233
3424	9.2922688333e-05
3425	0.000134241157771
3426	0.000538216119714
3427	0.000127595906318
3428	9.6077987947e-05
3429	7.43914389312e-05
3430	0.000150619189822
3431	0.000190090332432
3432	9.00131352557e-05
3433	0.00030910047344
3434	0.000570498760807
3435	0.000244756053498
3436	7.18654037646e-05
3437	0.00757571038901
3438	0.000248727097329
3439	0.000205614028134
3440	0.000272075912362
3441	0.000133583336337
3442	0.000558909525893
3443	0.000281400260952
3444	0.000124072291478
3445	0.000127909746927
3446	0.000223403037877
3447	0.000139179844817
3448	0.000430534302211
3449	0.000422661127618
3450	0.000186011020336
3451	4.89104265515e-05
3452	0.000173523928439
3453	4.89104265515e-05
3454	0.000196282146119
3455	0.000451626419008
3456	0.000472946583071
3457	9.48628229021e-05
3458	0.000234330923764
3459	0.000208250689498
3460	0.000334228249982
3461	0.000110441853851
3462	0.000206728449021
3463	0.00027562870726
3464	0.000377017132521
3465	0.000249265773117
3466	0.000322891201588
3467	6.89861047498e-05
3468	0.000344706993197
3469	0.000337358352931
3470	0.000212001805767
3471	0.000251591159215
3472	0.000205506496572
3473	0.000265301296425
3474	0.000228533720086
3475	0.00030889032743
3476	0.000234376151715
3477	0.000117814658053
3478	0.000254738253587
3479	0.000229663030078
3480	0.000256600666608
3481	0.000216399506925
3482	0.000188256982719
3483	0.000187977703875
3484	0.000171528180188
3485	0.000198710467535
3486	0.000332342897135
3487	0.000185246067889
3488	0.000424581337558
3489	0.000115853836473
3490	0.000296516405086
3491	0.000232151641832
3492	0.000122913624001
3493	0.000224646502594
3494	8.39392041924e-05
3495	0.000554872665803
3496	0.000250532963299
3497	0.000239807058905
3498	0.000223112429573
3499	0.000270893081128
3500	0.00029178548103
3501	0.000461762813588
3502	0.000160218141939
3503	0.00016565292655
3504	0.000156523710401
3505	0.000324028474316
3506	0.000531773022918
3507	0.00014069125906
3508	0.000324236413165
3509	0.000250445905965
3510	0.000249303698427
3511	0.000299315083644
3512	0.000157602470476
3513	0.000145528920745
3514	0.000375372052139
3515	0.00015919249581
3516	0.000216139094564
3517	0.000189072025801
3518	0.000307363579473
3519	0.00025932769034
3520	0.000133155119984
3521	0.000662592946189
3522	0.000137307786768
3523	0.000216399506925
3524	0.000207003288617
3525	0.000364910423106
3526	0.000353176209513
3527	0.000224262107937
3528	0.000333675400476
3529	0.000406415001747
3530	0.000164146160595
3531	0.000186961627778
3532	0.000207927911346
3533	0.000189466142756
3534	0.000282481334687
3535	0.000249439422039
3536	0.000244025309678
3537	0.000100939268745
3538	0.00031343267154
3539	0.000174332700073
3540	0.000332335961663
3541	0.000195216430811
3542	0.000318696155784
3543	0.000133846608163
3544	0.00011668285305
3545	0.000736037953176
3546	0.000327587346349
3547	0.000184354817617
3548	0.000138000808861
3549	0.000295154256847
3550	0.000219612756758
3551	0.000171336335997
3552	0.000102536789711
3553	0.000403553640543
3554	0.000261946386359
3555	0.000255809815208
3556	0.000170725861863
3557	0.000288818514511
3558	0.000418178019722
3559	0.000275442156113
3560	8.12791574491e-05
3561	0.000201488391613
3562	0.000229663030078
3563	0.000188735924866
3564	0.000232273855467
3565	9.2101161532e-05
3566	0.000165352428058
3567	0.000222537718516
3568	0.000409239280296
3569	0.000288546538089
3570	4.89104265515e-05
3571	0.000270290460017
3572	0.000115906136094
3573	0.00023171912193
3574	0.000164969001441
3575	6.91987866504e-05
3576	0.000392714267146
3577	0.000478838702012
3578	0.000232537218958
3579	0.000249265773117
3580	0.000193347747998
3581	0.000192918608843
3582	7.09119587443e-05
3583	0.000159205578897
3584	0.000554937020202
3585	0.000171500522785
3586	0.00044062836796
3587	0.000254337446401
3588	8.36005026294e-05
3589	6.25809916836e-05
3590	0.000317488436717
3591	0.000221892917683
3592	0.000209078851444
3593	0.00050985796935
3594	0.000189385049219
3595	0.000222838880905
3596	0.000774797050847
3597	6.9178713333e-05
3598	0.000164132303695
3599	0.000387791033604
3600	0.000120938150863
3601	0.000256081724187
3602	0.000217524707361
3603	0.000114070953721
3604	0.000705092652256
3605	0.000367245366791
3606	0.0001256867276
3607	0.000132463588505
3608	0.000240738192134
3609	0.000266495530031
3610	0.000247119062412
3611	0.000512933265213
3612	0.00026889558029
3613	0.000229663030078
3614	0.000148986986809
3615	0.000253991697414
3616	0.000261624261317
3617	0.000405565595113
3618	0.000204941561294
3619	8.71023687764e-05
3620	0.00019591933849
3621	0.000161773666444
3622	0.000171347608415
3623	0.000229775794695
3624	0.000282621923855
3625	0.000369653623661
3626	0.000154590359066
3627	0.000195102303483
3628	0.000333882584304
3629	0.000437927603887
3630	0.000173402398203
3631	0.000138154768328
3632	0.000128022754442
3633	0.00060087035828
3634	0.000269426801295
3635	0.00026845714729
3636	0.000300409395591
3637	0.000107327839884
3638	0.000238800754706
3639	0.000188842654316
3640	0.000386342757904
3641	0.000160625782606
3642	0.000239548087911
3643	0.000276946909549
3644	0.000188556242765
3645	0.00023082531412
3646	0.000206193973945
3647	0.000175784066048
3648	0.000263621852892
3649	0.000229663030078
3650	4.89104265515e-05
3651	0.000312755803446
3652	0.000141577957237
3653	0.000103010763388
3654	0.000143402678327
3655	0.000227050080961
3656	0.000227659083963
3657	0.00020993392491
3658	0.000173111325581
3659	0.000163541122558
3660	0.000113057290449
3661	0.000115784639757
3662	0.00033753033557
3663	0.000187319802674
3664	0.000174728355061
3665	0.000128413133174
3666	0.000129630985781
3667	0.000238821878098
3668	0.000152068467646
3669	0.000146366943332
3670	0.00022884844822
3671	0.00014475270364
3672	0.0004713284124
3673	9.02985043515e-05
3674	0.000392063702319
3675	0.000222690486322
3676	0.000115853836473
3677	0.000507239330617
3678	9.85970421958e-05
3679	0.000275781800639
3680	0.000495339657768
3681	0.000122288322337
3682	0.000192626115225
3683	0.000185261843532
3684	0.000633728500295
3685	0.000205545922061
3686	7.38603973257e-05
3687	0.000303783638198
3688	6.00731155085e-05
3689	7.00485308106e-05
3690	0.000358179565173
3691	8.12791574491e-05
3692	0.000358303796142
3693	0.000294668834306
3694	0.000102970117432
3695	0.000229663030078
3696	0.000229067123965
3697	0.000218634478371
3698	0.000242052397041
3699	8.68641472669e-05
3700	0.000146366943332
3701	0.000245024112155
3702	0.000351664698514
3703	0.000174864948857
3704	5.84612389011e-05
3705	0.00043747335512
3706	0.0002873265159
3707	0.000240425256776
3708	0.000235288832786
3709	4.89104265515e-05
3710	0.000311814275282
3711	0.000327223978345
3712	0.000105731271931
3713	0.000307967475345
3714	0.000295377962287
3715	0.000182634423414
3716	0.000160333370228
3717	8.12791574491e-05
3718	0.000300348697712
3719	0.000277926416277
3720	0.000219276471135
3721	0.000304861394328
3722	0.000391099404743
3723	0.00015386160532
3724	0.00010836941892
3725	0.000294645864207
3726	0.000198363054654
3727	0.000145276264647
3728	0.000333873917836
3729	4.89104265515e-05
3730	0.000267921899309
3731	0.000371990405183
3732	6.2913889993e-05
3733	8.72171147476e-05
3734	0.000452370918425
3735	0.000203446922524
3736	0.000140968898496
3737	0.000368898990521
3738	0.000364627321754
3739	0.000237491577878
3740	0.000329420678525
3741	0.000189616412304
3742	0.000129402389458
3743	0.000294645864207
3744	8.12791574491e-05
3745	0.000144386249354
3746	8.50623866613e-05
3747	0.000313671504448
3748	4.89104265515e-05
3749	0.000144574643471
3750	0.000299314407175
3751	0.000150684195301
3752	0.000248758352218
3753	0.000302319592733
3754	0.000126847392134
3755	0.000110652123218
3756	0.000592417545612
3757	0.00026486653383
3758	0.000495689488104
3759	0.000290314289681
3760	0.000201423963333
3761	0.000258426118048
3762	0.000180689870683
3763	0.000167684097245
3764	0.000353219357826
3765	7.52556978155e-05
3766	0.000162505860684
3767	0.000147983175684
3768	0.000278622253201
3769	0.000177364755218
3770	0.000146715758394
3771	0.000143892564375
3772	0.000131113450356
3773	0.000186260603453
3774	0.000283653194402
3775	0.00016641893196
3776	0.000278091320638
3777	0.000142686645327
3778	0.000180589272019
3779	0.000246126691848
3780	0.000188494867187
3781	9.32903213602e-05
3782	0.000376401966941
3783	0.000201057248648
3784	0.000156698622695
3785	0.000198218715508
3786	0.000247536256558
3787	0.000127251351974
3788	0.000138446082914
3789	0.000195774478018
3790	0.000411752678216
3791	0.000313651974658
3792	0.000194873603314
3793	0.000538131697001
3794	0.000385299281888
3795	8.7771228804e-05
3796	0.000137840837432
3797	0.000418314399057
3798	4.89104265515e-05
3799	0.000281389523293
3800	0.000443058846782
3801	9.10863871811e-05
3802	0.000210754851773
3803	0.000267275378998
3804	0.000445365002788
3805	9.41507465023e-05
3806	0.000141682539916
3807	6.97125346104e-05
3808	6.87465970723e-05
3809	0.000250788289778
3810	0.000390276240347
3811	8.45238377167e-05
3812	0.000151827608428
3813	0.000146366943332
3814	0.000170150942485
3815	0.000192381447035
3816	7.70864025096e-05
3817	0.00014698732905
3818	0.000178133159807
3819	0.000210501330583
3820	4.89104265515e-05
3821	0.000329025142614
3822	0.000333372886989
3823	0.000211565818773
3824	0.000447989108037
3825	0.0003768368652
3826	0.000356179405618
3827	0.000129783835841
3828	0.000269883139645
3829	0.000433886216569
3830	0.00118667926593
3831	0.000267763061148
3832	0.000141838325997
3833	0.000351858244111
3834	0.00011209719356
3835	0.00030804775148
3836	0.000334406776827
3837	0.000261464860046
3838	0.000553956519255
3839	9.91014092147e-05
3840	0.00016958876473
3841	0.000321642464586
3842	0.000400104743528
3843	0.000123628923319
3844	0.000122603667043
3845	0.000203024337432
3846	8.50623866613e-05
3847	0.00022214838195
3848	0.000138486112045
3849	0.000124072291478
3850	0.00025763278295
3851	0.000537328060619
3852	0.000221852206752
3853	4.89104265515e-05
3854	6.35691205668e-05
3855	0.000193757213782
3856	4.89104265515e-05
3857	0.000181659487016
3858	0.000298630731005
3859	0.000106212920139
3860	0.000338492756533
3861	0.000279233712519
3862	0.000241348781874
3863	0.000223687881611
3864	0.000146366943332
3865	7.98459867688e-05
3866	0.00023481967381
3867	0.000314693786823
3868	0.000279625256537
3869	0.000360029226176
3870	0.000302426641504
3871	0.000141141469467
3872	0.000193773108183
3873	0.000358069470007
3874	0.000222490805099
3875	7.00804191422e-05
3876	0.000132766695461
3877	0.000500819992048
3878	0.000148070451115
3879	6.35691205668e-05
3880	0.000152542233129
3881	0.00022713398929
3882	8.34167378614e-05
3883	0.000229663030078
3884	0.000314626603896
3885	7.47186724538e-05
3886	0.000289815631738
3887	0.00012452562129
3888	0.000165504416688
3889	0.000160144494526
3890	9.52996195828e-05
3891	0.000269680318585
3892	0.000208797339603
3893	0.000109612296631
3894	0.000197090270901
3895	0.000185904558381
3896	0.000245552064008
3897	9.57620903063e-05
3898	0.000246600143177
3899	0.000128474295575
3900	0.00037378752501
3901	0.000150636323696
3902	0.000395676780282
3903	0.00021828914072
3904	0.000141940326291
3905	0.000172853884305
3906	0.000479286652499
3907	0.000312822184345
3908	0.000130007376671
3909	0.000256531695301
3910	8.9114376293e-05
3911	0.000146366943332
3912	0.000236148326201
3913	0.00018428490766
3914	0.000126257390564
3915	0.00026834051097
3916	0.000131484413932
3917	0.00023780243986
3918	0.000534565708794
3919	0.000188842654316
3920	0.000240465621975
3921	0.000367752854592
3922	6.77689400162e-05
3923	0.000166474960128
3924	0.000439726905296
3925	0.000115140982518
3926	0.000396772940814
3927	0.000318789959671
3928	6.52913052775e-05
3929	0.000176693661485
3930	0.000469684414989
3931	0.000286147478598
3932	0.000181170964777
3933	0.000321796045458
3934	0.000127619749933
3935	4.89104265515e-05
3936	0.000103274455832
3937	0.000185872314327
3938	0.000735034231063
3939	0.000104942137599
3940	0.000135521609502
3941	0.000117432047855
3942	6.11439752541e-05
3943	0.000241205101626
3944	0.000154068172977
3945	0.000401966441516
3946	9.32903213602e-05
3947	0.00035677154283
3948	0.000557822554273
3949	0.000257025987992
3950	0.000233349236487
3951	0.000381044099746
3952	0.000105068263387
3953	9.31564459867e-05
3954	0.000110455574004
3955	7.04122729855e-05
3956	0.000303435589694
3957	0.000274487527223
3958	0.000134740835491
3959	5.97412347253e-05
3960	0.00025295150157
3961	0.000138851401944
3962	0.00036984803595
3963	0.000145342197386
3964	0.000224480726537
3965	8.93016940893e-05
3966	0.000431626830498
3967	0.000238316029344
3968	0.00043899388136
3969	0.000281178080401
3970	0.000106977264618
3971	0.000445771349679
3972	0.000227134437392
3973	0.000116993643434
3974	4.89104265515e-05
3975	0.000235633492262
3976	0.000183379913909
3977	0.000102870753044
3978	7.92391827898e-05
3979	0.000192413127609
3980	0.00215727389991
3981	0.000250612256211
3982	0.000415614992936
3983	9.68932568383e-05
3984	6.82191641379e-05
3985	0.000204963210556
3986	0.000288653506586
3987	0.000118645370473
3988	0.000229093528627
3989	0.000213563661866
3990	0.000188209484398
3991	0.00012603246069
3992	0.000125135161026
3993	0.000203863245476
3994	0.000336912916503
3995	0.000287160306273
3996	0.000168089979157
3997	0.000327745102377
3998	0.000432729371505
3999	0.000176891165877
4000	0.000299012427767
4001	0.000118645370473
4002	0.000244229867394
4003	0.000169396248845
4004	0.000316592474861
4005	0.000132085112483
4006	0.00010069380574
4007	0.000188209484398
4008	6.82191641379e-05
4009	0.00030321381932
4010	6.82191641379e-05
4011	0.000147319818004
4012	0.000118645370473
4013	0.00020618762901
4014	0.00036712441586
4015	6.82191641379e-05
4016	0.000188209484398
4017	0.000303588524134
4018	0.000222653331254
4019	0.000249636206089
4020	0.000268856959826
4021	0.000334437776683
4022	6.82191641379e-05
4023	0.000538177585561
4024	6.82191641379e-05
4025	0.000188209484398
4026	0.000281877989018
4027	0.000267422796159
4028	0.000103940158787
4029	0.000118645370473
4030	0.0005532097355
4031	0.000356592537599
4032	0.00010069380574
4033	0.000123724626666
4034	9.36349448883e-05
4035	6.82191641379e-05
4036	0.000105810415772
4037	0.000148029159848
4038	0.00029462123246
