711	[10.0, 2.0, 5.50907960038e-05, 0.00124894618062, 0.0101527036858, 0.295837154945, 2551.49411449]	2.73151395336
167	[9.0, 45.0, 7.43359576762e-05, 0.0417139656033, 0.00599370969617, 0.343773636801, 46691.8122908]	2.38597322791
216	[20.0, 17.0, 0.00017118184169, 0.0116384456044, 0.0134566082452, 0.333133433283, 23556.6656334]	2.35569177401
555	[17.0, 28.0, 0.000179923421662, 0.0206917579152, 0.00817576943423, 0.334739379331, 33144.1013218]	2.2132079018
7	[5.0, 11.0, 4.11191195993e-05, 0.00826948987896, 0.00380730319626, 0.303441369264, 4738.27621005]	2.20629857813
938	[7.0, 15.0, 4.24041041064e-05, 0.0090576902875, 0.0116994825347, 0.320892169448, 9555.27206094]	2.19644373399
996	[18.0, 33.0, 0.000158526397108, 0.0239887294125, 0.0103402988388, 0.341321044547, 43256.4293351]	2.12142481321
442	[13.0, 30.0, 0.000159478812337, 0.0190262102098, 0.00888153269775, 0.335210700996, 30226.7746363]	2.04368776504
364	[25.0, 14.0, 0.00023330395109, 0.0109749321176, 0.0151004659167, 0.334694560669, 26483.3275065]	2.02528210497
745	[17.0, 19.0, 0.000137785928881, 0.0134313200954, 0.0110022827069, 0.330742259857, 21669.4315128]	1.94456430554
824	[13.0, 12.0, 0.000156642657149, 0.00890164487024, 0.00740033869961, 0.320378083947, 9634.97636549]	1.91779237273
851	[22.0, 7.0, 0.000136477970044, 0.0048617814014, 0.0194419411163, 0.325456498389, 14623.4615884]	1.91404702676
235	[11.0, 19.0, 0.000104347302822, 0.0146869279954, 0.0123477929716, 0.327503193475, 16253.3411172]	1.82077854571
988	[13.0, 15.0, 0.000124909495046, 0.00981484285535, 0.00574420937135, 0.319824718526, 13390.0011648]	1.79347709395
355	[12.0, 14.0, 0.000146669256744, 0.0096888585925, 0.010326289234, 0.321656050955, 12210.7123056]	1.78696159669
27	[8.0, 10.0, 7.78732248272e-05, 0.00790591501338, 0.00372492073843, 0.302075465998, 5400.33162624]	1.73798584606
522	[20.0, 17.0, 0.000136995604618, 0.0133449894813, 0.0201591635039, 0.336146036442, 24428.2632746]	1.72978011572
833	[6.0, 12.0, 4.0074895184e-05, 0.00784142970184, 0.00631492271627, 0.306023137663, 5661.04094242]	1.72729409481
677	[11.0, 14.0, 7.83673419096e-05, 0.0104586611975, 0.00924699078518, 0.317842270892, 11320.9034889]	1.72418287549
60	[8.0, 10.0, 6.50732938916e-05, 0.00737786782471, 0.00684918154391, 0.309777557469, 5736.97382976]	1.67386937802
818	[11.0, 8.0, 0.000135585455794, 0.00521976546444, 0.0046937945763, 0.305424888509, 6055.95113678]	1.66810030269
863	[9.0, 29.0, 6.13847835134e-05, 0.0236761726415, 0.00887753851261, 0.333388903708, 24080.5628431]	1.66550152189
962	[9.0, 11.0, 8.18486613214e-05, 0.00766658356616, 0.0107722070771, 0.311194796303, 7177.15922865]	1.6640634047
783	[12.0, 17.0, 8.73111697883e-05, 0.0113771982921, 0.00937042734644, 0.322735782067, 14413.738842]	1.64688550763
195	[15.0, 13.0, 0.000171653280734, 0.00718557395491, 0.00671225056689, 0.321811335329, 13594.4983343]	1.63156348781
471	[13.0, 7.0, 0.000124910301237, 0.00469967641196, 0.0099862792213, 0.309748768626, 7058.54148115]	1.622433304
145	[11.0, 9.0, 8.7890521168e-05, 0.00691184898277, 0.009925707259, 0.315127639458, 7281.28028489]	1.61850391924
802	[11.0, 12.0, 9.5923781459e-05, 0.00929562264352, 0.00924526082605, 0.320008961147, 8735.81247966]	1.61777845332
825	[17.0, 9.0, 0.000123888202706, 0.00672878490255, 0.0144689210832, 0.320820098181, 12051.3227273]	1.59882936758
459	[7.0, 13.0, 6.79382783568e-05, 0.0101063471374, 0.00293880663198, 0.306492153016, 6399.77614876]	1.59033235051
375	[6.0, 11.0, 4.73944245082e-05, 0.00783121992792, 0.00556299727232, 0.302697302697, 4620.78718224]	1.58437603013
895	[11.0, 16.0, 7.00634959529e-05, 0.0110156523445, 0.0105565868849, 0.325965770171, 13846.7939336]	1.58363475906
515	[12.0, 11.0, 0.000104161982944, 0.00719372367728, 0.0100294624043, 0.31603400866, 9213.83856351]	1.57300203152
9	[9.0, 5.0, 7.01028972468e-05, 0.00245119510914, 0.00771509731826, 0.299685298966, 3302.78159116]	1.56845848557
787	[13.0, 4.0, 0.000109853640234, 0.0028320862008, 0.00967864076981, 0.304745359788, 5225.07007235]	1.54922893017
54	[13.0, 15.0, 9.16832536456e-05, 0.0110907010114, 0.0170415418756, 0.327374521167, 13690.7787272]	1.53115066885
39	[11.0, 10.0, 0.000113396055735, 0.00791738414315, 0.00649447436183, 0.31371380165, 7567.64436594]	1.53053633818
348	[8.0, 9.0, 8.32833207589e-05, 0.00751076453214, 0.00617746457989, 0.308411214953, 5016.98492783]	1.53037900688
245	[9.0, 7.0, 9.75263145306e-05, 0.00508007543627, 0.00834330914833, 0.305173203113, 4490.79568179]	1.53026311494
982	[12.0, 13.0, 0.000107529770004, 0.0120647077969, 0.00887975555355, 0.319845179451, 10227.0287991]	1.53014734102
620	[14.0, 3.0, 0.000119253861749, 0.00231807426339, 0.00783282166992, 0.301656258485, 4681.21626468]	1.5290537595
185	[15.0, 9.0, 0.0001018245562, 0.00540122692079, 0.0139644464592, 0.318105176089, 10363.3902913]	1.528222612
338	[11.0, 12.0, 0.000127394987776, 0.00825726546217, 0.00918559977715, 0.315038280979, 9202.23990125]	1.52620053235
284	[12.0, 5.0, 7.76253119431e-05, 0.00283970088965, 0.01381990062, 0.309710391823, 5543.37475004]	1.5261940691
991	[13.0, 13.0, 7.30427193797e-05, 0.00824024185502, 0.0150887181391, 0.325096725949, 12568.4255842]	1.51708539962
901	[11.0, 12.0, 7.21672283122e-05, 0.00671353499492, 0.0102157351523, 0.314216579725, 9934.25789858]	1.51257707965
965	[9.0, 7.0, 8.07229967926e-05, 0.00478427556295, 0.00672543444117, 0.298406350722, 3866.19128648]	1.50481202041
97	[9.0, 6.0, 7.13718530851e-05, 0.00441579509874, 0.00507403475143, 0.303487419188, 4134.61189707]	1.49484421086
481	[6.0, 14.0, 5.39614573246e-05, 0.00894285859824, 0.00539125610233, 0.30639823497, 6863.87048263]	1.48889887053
16	[14.0, 15.0, 0.000105685149316, 0.00982440587787, 0.0131675670097, 0.32688221256, 14297.200038]	1.48418205266
255	[9.0, 11.0, 9.15900241171e-05, 0.00607057236592, 0.00414872256137, 0.301938639932, 6678.89980722]	1.47760673485
602	[16.0, 9.0, 0.000164086175254, 0.00585625748198, 0.0123860330327, 0.31945686901, 11820.9953693]	1.47590839242
834	[13.0, 8.0, 7.11570754251e-05, 0.00546105826197, 0.0151101464192, 0.316384002025, 8035.17385591]	1.47203139571
899	[9.0, 16.0, 5.92120102007e-05, 0.0105299901417, 0.00991449225142, 0.320480769231, 10838.0605174]	1.47114507882
363	[12.0, 22.0, 0.000104713184272, 0.0171564979154, 0.0084527143712, 0.329847595171, 19982.8385917]	1.46288660601
210	[7.0, 10.0, 8.80730199643e-05, 0.00564646877658, 0.00388491497272, 0.302294645826, 5091.82088542]	1.46271870678
628	[13.0, 41.0, 0.000115651900504, 0.0317326917601, 0.0122829559824, 0.34425890859, 48317.8585126]	1.46256269527
849	[11.0, 8.0, 8.96111350035e-05, 0.00634703190741, 0.00810483109776, 0.306144943511, 6177.67388622]	1.46229074843
154	[13.0, 11.0, 0.000131549005546, 0.00846238092445, 0.00629849918682, 0.317680698967, 9397.83118916]	1.46140900217
993	[10.0, 26.0, 8.02392536669e-05, 0.0202513863896, 0.00911533072604, 0.331961090269, 21967.0201211]	1.45930753871
864	[11.0, 9.0, 8.458041071e-05, 0.00646973731137, 0.0084327039123, 0.311485623501, 6998.0570751]	1.45900455587
18	[14.0, 7.0, 0.000102397528075, 0.00581435367685, 0.0165760557381, 0.321191095692, 8210.73885631]	1.4576532554
934	[17.0, 16.0, 0.000154221022061, 0.0131443806591, 0.00921221987161, 0.326157158235, 17146.435675]	1.44795033858
323	[14.0, 43.0, 0.000122003616335, 0.03628949514, 0.0109885613448, 0.346105919003, 54905.4434307]	1.44289584668
180	[12.0, 3.0, 0.000105139738614, 0.00228313495545, 0.00729033171369, 0.296697427376, 3589.74499244]	1.43427464352
46	[17.0, 9.0, 0.00013031868707, 0.00789001411493, 0.0131443855345, 0.32118077862, 11984.7751332]	1.43389824716
715	[10.0, 7.0, 6.09421238555e-05, 0.00500858056826, 0.00949342803867, 0.305957590037, 4884.08246632]	1.43169872676
554	[11.0, 8.0, 0.000125403198121, 0.00448182535758, 0.00781593998975, 0.306135570388, 6247.43719248]	1.42628418397
169	[6.0, 11.0, 7.99261451292e-05, 0.00562474543134, 0.00350021144777, 0.295365255664, 4579.7180793]	1.42573352563
329	[12.0, 28.0, 0.000129019004261, 0.0220785080162, 0.00518172783446, 0.333544599373, 26092.4345453]	1.42433838494
536	[18.0, 10.0, 0.000154791489414, 0.00550539706005, 0.0104028335225, 0.319344639264, 12967.2038231]	1.42249338245
860	[9.0, 12.0, 8.15349665476e-05, 0.00738969001539, 0.00453891103409, 0.304355766597, 6881.01126547]	1.42059819032
325	[16.0, 16.0, 0.000112512999078, 0.0120943401481, 0.0134122769857, 0.328385168643, 17411.1568447]	1.41343595009
703	[14.0, 20.0, 0.000137583176223, 0.0126258321367, 0.00934921622253, 0.328503843879, 19850.3492087]	1.40999631022
476	[18.0, 30.0, 0.000128688596433, 0.0229491759115, 0.0160997202446, 0.342290839381, 37728.378995]	1.40669428325
383	[8.0, 7.0, 6.12949494521e-05, 0.00342486286578, 0.00948949682273, 0.300171114647, 4738.78446176]	1.40668125095
584	[18.0, 9.0, 0.000168601349884, 0.00710133069348, 0.0117435510497, 0.321191095692, 11635.8831845]	1.39685877695
520	[7.0, 19.0, 5.55523405082e-05, 0.0138359057944, 0.00503547099027, 0.318988068653, 11014.7598424]	1.39066561912
547	[11.0, 14.0, 9.29861778076e-05, 0.0080610076919, 0.00616718741936, 0.316504178273, 11658.440019]	1.3887484812
186	[13.0, 9.0, 0.000129057255812, 0.00636648243833, 0.00511630981667, 0.305929506792, 7992.2912406]	1.38818302731
320	[14.0, 6.0, 9.54934067596e-05, 0.00403607710557, 0.0094964205856, 0.308792192953, 6574.60716589]	1.3819990924
641	[9.0, 32.0, 8.35682033914e-05, 0.0244612245114, 0.00504819698643, 0.331279196899, 26680.9108862]	1.38029309005
44	[13.0, 3.0, 9.83930637651e-05, 0.00148059396939, 0.0108558874231, 0.302395209581, 4632.80383092]	1.37448993819
878	[13.0, 19.0, 0.000114614511389, 0.0121162029855, 0.0100874843974, 0.326338120104, 17873.0685893]	1.371849351
540	[6.0, 6.0, 8.0484365648e-05, 0.0044662905409, 0.00192042982124, 0.288471525013, 2149.27074538]	1.36952008233
345	[5.0, 6.0, 4.402303853e-05, 0.00249574838678, 0.00470855819448, 0.285710203732, 2189.90176654]	1.36948604953
992	[11.0, 11.0, 9.68382874826e-05, 0.00917808568134, 0.0075329186424, 0.311524441537, 7563.61872648]	1.36289831943
925	[15.0, 4.0, 0.000147371675255, 0.00191374055406, 0.0132705205938, 0.30787942236, 7184.62804867]	1.36171846095
601	[12.0, 14.0, 9.98901864491e-05, 0.00913848003231, 0.00717344628627, 0.315764542411, 11535.7078431]	1.36058348802
398	[14.0, 5.0, 0.00013720137767, 0.00356602575867, 0.0127242770728, 0.311039910412, 6472.31657733]	1.35936154291
469	[16.0, 8.0, 0.000115421630295, 0.00565967122506, 0.0114317456327, 0.317993893907, 10052.5368159]	1.35914933579
267	[16.0, 11.0, 0.000117341837093, 0.00865113238181, 0.0135451736168, 0.32185276982, 12357.6475318]	1.35892271791
317	[11.0, 12.0, 8.4592775825e-05, 0.00776430352673, 0.00949625889279, 0.313684276572, 9029.10043562]	1.35475993695
247	[6.0, 9.0, 6.05222819513e-05, 0.00515873686861, 0.00349564613596, 0.295889681295, 3907.95886253]	1.35426174373
866	[15.0, 7.0, 0.000135792099218, 0.00506398880955, 0.0117146275418, 0.316464109381, 8481.8969021]	1.35391870138
82	[11.0, 15.0, 7.25370304148e-05, 0.0100452851599, 0.010771794996, 0.319814489045, 11487.5269207]	1.35170540794
239	[11.0, 10.0, 9.49124133964e-05, 0.00629259128259, 0.00699411802959, 0.309633666739, 7526.91255272]	1.35083171841
426	[12.0, 6.0, 9.94189407941e-05, 0.00389642840899, 0.0124530765375, 0.311388620722, 6063.54491234]	1.35006618078
432	[8.0, 4.0, 9.57039231958e-05, 0.0021850381541, 0.00655132899319, 0.293820340278, 2440.59510046]	1.3463178436
214	[9.0, 12.0, 7.12654684963e-05, 0.0056388346584, 0.00764116734766, 0.310634067539, 7903.01085957]	1.3399571231
940	[9.0, 4.0, 8.14314279274e-05, 0.00277951888293, 0.00867634089015, 0.297253106606, 3089.60871487]	1.33777114989
2	[13.0, 20.0, 0.000128312595365, 0.0133871115145, 0.00796378902186, 0.324137707469, 17390.8221908]	1.3370002395
743	[16.0, 14.0, 0.000131749481001, 0.00939443560898, 0.00992978325239, 0.321376916402, 14736.1211817]	1.3367083438
371	[22.0, 13.0, 0.000144184282208, 0.0087791284605, 0.0201035570168, 0.332126486415, 21090.5911514]	1.33603395741
693	[19.0, 9.0, 0.00014641136345, 0.00574650664818, 0.0129776720142, 0.321335604332, 12771.5769641]	1.33585812152
369	[11.0, 16.0, 0.000102300155847, 0.0118923269523, 0.00817512805788, 0.320224179343, 12709.6134324]	1.33441773268
761	[10.0, 12.0, 8.82240826889e-05, 0.00650150014162, 0.00678346100097, 0.310865847971, 8338.26688309]	1.33146452661
957	[16.0, 9.0, 0.000163800859173, 0.00528881926167, 0.0137833438076, 0.322996414381, 10948.9959163]	1.33132643593
727	[12.0, 11.0, 0.000117334611616, 0.00587296873436, 0.00926037051821, 0.316253914034, 8990.2214282]	1.32529110878
789	[17.0, 33.0, 0.000127930064151, 0.0259963633007, 0.0126430699596, 0.342361158666, 41058.0866022]	1.32415680935
473	[9.0, 25.0, 5.44329417453e-05, 0.0179690150586, 0.0102876322307, 0.330098048925, 20480.9285938]	1.32130805785
534	[11.0, 3.0, 0.000108208880602, 0.0013339433037, 0.0075567172086, 0.296468704599, 3531.67980427]	1.32045190868
104	[5.0, 10.0, 8.00281495721e-05, 0.00793281513549, 0.0016821434678, 0.296495077689, 3630.2683432]	1.31773267581
152	[13.0, 14.0, 9.396949668e-05, 0.00921721302252, 0.0106563440466, 0.319477282893, 12031.7528939]	1.31327864094
170	[9.0, 16.0, 6.28671026874e-05, 0.00970348536954, 0.0057639543429, 0.315525402335, 10953.3224148]	1.3105638397
26	[4.0, 14.0, 3.94237735515e-05, 0.00729243803274, 0.00243203371384, 0.298843360531, 5530.55281618]	1.30761497645
842	[13.0, 13.0, 0.000126273199443, 0.0101537242133, 0.00946008366715, 0.322558792219, 11246.9629239]	1.30724194179
439	[18.0, 12.0, 0.000131141451986, 0.00758809594293, 0.0185375637989, 0.328763069639, 15606.8638042]	1.30597116717
38	[9.0, 10.0, 6.89771171874e-05, 0.00481885882493, 0.00654031344681, 0.306849567299, 6149.69080334]	1.30519073447
643	[10.0, 31.0, 6.69658761287e-05, 0.0241923825752, 0.0119785734151, 0.337257150567, 28940.3418107]	1.30277036176
966	[14.0, 30.0, 9.36487605782e-05, 0.0222419964013, 0.0161763442911, 0.338226837601, 34422.2132914]	1.29829696573
105	[8.0, 11.0, 9.52763241765e-05, 0.00717417568531, 0.00480489913025, 0.305527546063, 6118.1653516]	1.29568599101
31	[8.0, 14.0, 7.18690694006e-05, 0.00874354939437, 0.00628684919624, 0.308382679497, 7787.38368785]	1.29495712007
219	[14.0, 17.0, 0.000108387271635, 0.0148189342327, 0.0111840081578, 0.32820193002, 16679.1862518]	1.29112550045
94	[13.0, 11.0, 0.000120023842313, 0.00611016108415, 0.0110416979629, 0.314919215143, 10644.6050137]	1.28046392684
640	[11.0, 12.0, 7.66150225044e-05, 0.00829771541845, 0.0139574855943, 0.322153489271, 9820.75794487]	1.27863818937
903	[11.0, 6.0, 8.5147887181e-05, 0.00346612435236, 0.00728744827102, 0.300072024488, 5129.31091052]	1.27624273249
118	[4.0, 15.0, 3.68112193623e-05, 0.0110402046466, 0.00160948859001, 0.304504065536, 5879.79782184]	1.27609693402
597	[17.0, 15.0, 0.000137943556546, 0.0108722897756, 0.0130377364411, 0.328871201158, 17356.1533685]	1.27590341892
769	[4.0, 9.0, 3.24393819425e-05, 0.00627013197434, 0.00408169776071, 0.293363454994, 2784.43748725]	1.27449639128
204	[8.0, 15.0, 5.45353548508e-05, 0.00967601537047, 0.00737113089901, 0.315525402335, 9052.42361575]	1.26907738179
582	[14.0, 30.0, 0.000119205522554, 0.0203103066833, 0.0141713924411, 0.33779264214, 33359.5737407]	1.26852917516
519	[14.0, 10.0, 0.000126687978009, 0.00442920443323, 0.00624858985321, 0.3132224415, 10135.6922127]	1.26703365225
409	[6.0, 10.0, 8.16558768159e-05, 0.0076645861904, 0.00277014977937, 0.301201915836, 3959.90047728]	1.26569353316
516	[15.0, 11.0, 0.000105086759706, 0.00748092659994, 0.0180090696775, 0.325668501449, 12322.6618805]	1.2647457735
243	[8.0, 6.0, 5.81510586825e-05, 0.00447791013458, 0.00715132431758, 0.299111549852, 3604.43411484]	1.26188053666
488	[8.0, 6.0, 9.33058125053e-05, 0.00420534591833, 0.00469608214422, 0.298237241626, 3205.45560302]	1.26028266531
832	[10.0, 6.0, 8.48844871984e-05, 0.00309477124249, 0.00842109943293, 0.299928010079, 4558.54452099]	1.25827938164
896	[9.0, 6.0, 5.83053790721e-05, 0.00355314259273, 0.0086968805738, 0.30253244985, 4211.58079939]	1.25439134724
788	[12.0, 12.0, 0.000104398167217, 0.00836392882859, 0.0086086562346, 0.319712230216, 9874.46055412]	1.25427782205
474	[15.0, 12.0, 0.000127272952021, 0.00846134124072, 0.012985442338, 0.320923067048, 12578.3782014]	1.25318947157
659	[9.0, 7.0, 6.12127108076e-05, 0.00446144081995, 0.0108460969154, 0.311320754717, 4213.89835023]	1.24871248494
918	[10.0, 9.0, 8.27957912238e-05, 0.00652990663899, 0.00465668428313, 0.30835414932, 6470.24192527]	1.248362248
862	[15.0, 17.0, 0.000151939302627, 0.00923105420984, 0.00931722943493, 0.325732156237, 18380.6142437]	1.24803410923
146	[9.0, 4.0, 0.000102636162308, 0.00283506098287, 0.00427684654155, 0.292471042471, 2728.41328962]	1.24741179824
490	[13.0, 11.0, 9.29590741866e-05, 0.00636322098343, 0.0114414187122, 0.317741269186, 10469.9251683]	1.24663457733
289	[10.0, 9.0, 6.73504395672e-05, 0.00321222660496, 0.00816789630818, 0.304587547216, 6319.26536661]	1.24462071292
12	[9.0, 12.0, 0.000100990733085, 0.00827167046307, 0.00365511971551, 0.30786994273, 7382.0743002]	1.24356703418
527	[13.0, 7.0, 0.000105084467448, 0.00474417265942, 0.008120363057, 0.308192577981, 6715.49712916]	1.24140881791
879	[12.0, 7.0, 9.59632143755e-05, 0.00444665082628, 0.00988306513478, 0.306285609263, 5975.12891818]	1.23997222202
156	[10.0, 12.0, 9.29444464999e-05, 0.00854678585695, 0.00845677705176, 0.31477050935, 8214.77347637]	1.23991108499
648	[11.0, 29.0, 0.000105953752526, 0.0197816590337, 0.00500679805556, 0.335503137268, 28213.5022452]	1.23792346082
510	[12.0, 8.0, 9.55522742742e-05, 0.00562858737394, 0.00785904112628, 0.308116602983, 6895.51040886]	1.23672422545
770	[11.0, 8.0, 9.17199448766e-05, 0.00494034563078, 0.00710622962643, 0.307993223471, 6183.90389761]	1.23564177886
333	[8.0, 8.0, 5.74650733176e-05, 0.00508801940318, 0.00870213687768, 0.303671758739, 4645.31653103]	1.23528220068
202	[10.0, 8.0, 0.000115581448376, 0.00554547471716, 0.00603135173629, 0.303865556433, 5532.36803398]	1.23522741234
749	[11.0, 12.0, 8.33884705123e-05, 0.00947447455735, 0.00660539067706, 0.317358047418, 9137.34446898]	1.23514531523
786	[12.0, 13.0, 0.000105848792057, 0.00820948769993, 0.00671272882412, 0.313183199173, 9951.25890559]	1.23494243105
331	[10.0, 7.0, 7.7953958775e-05, 0.00544798491853, 0.00685874465269, 0.306407624184, 4946.56438603]	1.23447995858
731	[22.0, 8.0, 0.000168494119294, 0.00356720772975, 0.0168233212506, 0.321811335329, 15974.9641998]	1.23436032736
691	[16.0, 8.0, 0.00010981457052, 0.00695958415859, 0.0132518530356, 0.318825330017, 9415.54844952]	1.2314438624
501	[17.0, 10.0, 8.52024354719e-05, 0.00853703190816, 0.0222048206212, 0.327836065574, 13073.4280232]	1.22757978032
675	[7.0, 6.0, 8.22989786677e-05, 0.00361717005594, 0.00431635843776, 0.290710859137, 2821.16847618]	1.22629626527
21	[14.0, 30.0, 0.000118648416301, 0.0215904868425, 0.00810682306234, 0.333867574877, 30661.4430847]	1.22547144471
999	[17.0, 16.0, 0.000141871029714, 0.0102635536358, 0.00976005912557, 0.322465170279, 18257.4651353]	1.22426819142
502	[14.0, 8.0, 0.000139487703027, 0.00431079503448, 0.00960827802099, 0.312771747631, 8081.27652833]	1.22422958758
598	[13.0, 15.0, 0.000109060220988, 0.0107728952668, 0.0114667615883, 0.321987505635, 13130.4847242]	1.22339987567
576	[14.0, 10.0, 0.000145541355826, 0.00564698096457, 0.010655461994, 0.315964102888, 9753.04237384]	1.22294536372
20	[9.0, 10.0, 9.00640324758e-05, 0.00742787202194, 0.00530114943495, 0.307217255047, 5944.62010032]	1.22290034965
839	[15.0, 7.0, 0.000127923495737, 0.00339891206944, 0.0106338323992, 0.30982555077, 8987.58521332]	1.22237543772
25	[7.0, 27.0, 6.50777813267e-05, 0.0199840983723, 0.00699091656279, 0.333622501752, 20440.2495578]	1.22024594326
258	[21.0, 32.0, 0.000158119451125, 0.0228880783724, 0.0154974720619, 0.342924754784, 47621.6407309]	1.21964076876
23	[14.0, 6.0, 0.000135901649251, 0.00433693437577, 0.00629775330199, 0.305929506792, 6183.74136123]	1.21891550414
209	[14.0, 7.0, 0.000125223002913, 0.0045204383127, 0.0143901750279, 0.316373991457, 7781.17960336]	1.21600605683
524	[11.0, 12.0, 0.00010577543099, 0.00950219539356, 0.00769776181878, 0.313999497551, 8551.62235563]	1.21338123313
15	[11.0, 14.0, 7.68037923442e-05, 0.0091027045181, 0.0119719487305, 0.320861277797, 12101.3834456]	1.2119279734
47	[9.0, 12.0, 8.04233637619e-05, 0.00640708212257, 0.0070825565, 0.314019219898, 8231.94784696]	1.2114573531
759	[17.0, 13.0, 0.000141224168164, 0.00706178567476, 0.012804948275, 0.323529411765, 16422.8891229]	1.2098696921
736	[13.0, 10.0, 0.000122042938303, 0.00550574035498, 0.00660725051106, 0.307727818299, 9029.55137875]	1.20956536508
430	[11.0, 36.0, 0.000104175334246, 0.0305731338173, 0.00579206334702, 0.338123900987, 34797.2631722]	1.20836425027
548	[6.0, 7.0, 7.53614888396e-05, 0.00429196646159, 0.00268887915574, 0.289055272895, 2554.46863249]	1.20701613127
132	[14.0, 12.0, 0.000113488406389, 0.0103197534261, 0.0120656481866, 0.324801039467, 11740.8351152]	1.20454032788
168	[13.0, 5.0, 0.000107953474509, 0.00334403202514, 0.0138869957307, 0.31409813407, 6177.09849249]	1.2035950528
841	[8.0, 14.0, 8.56850788657e-05, 0.00876254621816, 0.0051189776415, 0.31246875, 7984.62887894]	1.20321032239
716	[15.0, 9.0, 0.000151259404027, 0.00490473842592, 0.00788151122939, 0.312771747631, 9661.96633988]	1.20200306922
433	[11.0, 7.0, 6.69442655313e-05, 0.00507404200114, 0.00890161567129, 0.302871509057, 5561.18502144]	1.20154995092
816	[23.0, 10.0, 0.000176585092577, 0.00605622259818, 0.0172075387992, 0.328849569164, 18715.8518673]	1.20137392602
446	[11.0, 17.0, 9.18205813716e-05, 0.0114585768332, 0.00648954602135, 0.319804260219, 13580.559456]	1.20129137671
771	[10.0, 31.0, 9.67441273155e-05, 0.0222818822965, 0.00641842856952, 0.333511223775, 27094.0235314]	1.20097928889
377	[12.0, 9.0, 9.86600499095e-05, 0.00531001078295, 0.00648755953279, 0.310556884182, 7624.86323125]	1.20076493891
689	[5.0, 12.0, 6.42480441831e-05, 0.00937102868008, 0.00290572538131, 0.303119410677, 4856.13850222]	1.19912805706
205	[10.0, 16.0, 9.14678672794e-05, 0.00939880027279, 0.0101166233327, 0.322080850378, 12331.4361755]	1.19879652573
414	[9.0, 9.0, 0.00010942924621, 0.00714840588837, 0.00338771073102, 0.306445186797, 5575.96378496]	1.19843616582
780	[6.0, 17.0, 4.89861532322e-05, 0.0117816517729, 0.00587970182517, 0.31910004787, 9424.74510335]	1.19785216148
755	[17.0, 12.0, 0.000144002410722, 0.00750229964733, 0.0110633747838, 0.323728429436, 14093.1089037]	1.1971277724
107	[13.0, 54.0, 0.000101663526648, 0.0453538835039, 0.0113027403159, 0.349823321555, 72564.2066328]	1.19661119243
262	[13.0, 11.0, 0.000119452697452, 0.00749609347906, 0.0105255092951, 0.318886337543, 10060.3554875]	1.19461561069
173	[12.0, 18.0, 0.000113815757087, 0.0141005265371, 0.00745289129202, 0.324305915931, 14179.2603176]	1.19426551635
319	[7.0, 15.0, 6.16712677148e-05, 0.0104055457394, 0.00444555867993, 0.310933515766, 8353.51483469]	1.19342024809
315	[16.0, 8.0, 0.000128339422471, 0.004231867644, 0.00853125541079, 0.31111733408, 10133.3753615]	1.19293934186
619	[10.0, 10.0, 8.45809733459e-05, 0.00771677165341, 0.00527486773061, 0.311883967561, 6981.4465547]	1.19291233717
875	[16.0, 10.0, 0.000138612612121, 0.00745181431347, 0.0105307611051, 0.319150973508, 10818.2748797]	1.19126450994
493	[5.0, 24.0, 5.11033437146e-05, 0.0162403196579, 0.00385277113285, 0.323864740558, 14412.3088832]	1.19065608222
662	[20.0, 14.0, 0.000162688870835, 0.00983288036917, 0.0165845767391, 0.330174349491, 19781.0413762]	1.18596237436
305	[16.0, 11.0, 0.000162317972283, 0.00805219831466, 0.010215919807, 0.317650422517, 11850.2674387]	1.18477051225
10	[9.0, 11.0, 7.09000296497e-05, 0.00740092548574, 0.00571772534835, 0.306370070779, 7052.15605457]	1.18399495876
600	[8.0, 6.0, 7.65297392628e-05, 0.00389578528978, 0.00755713642213, 0.303275705187, 3647.65748936]	1.18384966127
920	[14.0, 13.0, 0.000124193057177, 0.00831199619243, 0.00831336721015, 0.317196967294, 11717.4192374]	1.1833415005
256	[23.0, 24.0, 0.000198336259706, 0.0152177334087, 0.0169440259946, 0.339536147238, 36894.9185829]	1.18303897153
850	[6.0, 13.0, 5.37014738629e-05, 0.00864002462772, 0.00550025471851, 0.31283046022, 6438.06134244]	1.18164858287
452	[10.0, 8.0, 8.78451295622e-05, 0.00517990306641, 0.0090390964877, 0.307000307031, 5913.33479213]	1.17991902417
777	[6.0, 10.0, 6.38828614813e-05, 0.00617343935497, 0.00519239461174, 0.302523296624, 4401.8289965]	1.17968504892
873	[13.0, 8.0, 0.000105755841955, 0.00674911982096, 0.00947710854089, 0.312254075323, 7136.41404115]	1.17897251425
61	[11.0, 8.0, 9.88041506247e-05, 0.00623513080451, 0.00746072586134, 0.310730600702, 5535.94909234]	1.17872878061
420	[6.0, 6.0, 5.65949175636e-05, 0.00389830250626, 0.00637629364493, 0.299093655589, 2687.1182006]	1.17735054298
125	[14.0, 7.0, 0.000116704420537, 0.00728861594761, 0.00866852020825, 0.311942347289, 6862.65751951]	1.17554658964
359	[8.0, 13.0, 6.0101268976e-05, 0.00847740585271, 0.00574044154931, 0.313940345369, 7325.00615996]	1.17496675565
606	[12.0, 15.0, 0.000113921328557, 0.0106239041342, 0.00667216887054, 0.317388268156, 11901.8141403]	1.1745714598
28	[15.0, 11.0, 0.000119234246738, 0.00741039316722, 0.0101285461151, 0.319436457734, 11668.238289]	1.17377935968
826	[7.0, 8.0, 4.14245023909e-05, 0.0053039861215, 0.00811148860342, 0.304541162854, 4086.64876516]	1.17213314423
728	[9.0, 7.0, 6.6950485192e-05, 0.00500533686043, 0.00719959505668, 0.299757172408, 4107.81073368]	1.1717616956
795	[9.0, 11.0, 7.52975762606e-05, 0.00708255405835, 0.00662202249707, 0.308230579531, 6948.03834616]	1.17107895069
710	[15.0, 8.0, 0.000118847968637, 0.00617263394071, 0.00852660962159, 0.31656430064, 9404.74011109]	1.17062156488
159	[7.0, 9.0, 6.31524891718e-05, 0.00684850549529, 0.00507704603674, 0.304633945709, 4318.58673047]	1.17018827581
741	[15.0, 25.0, 0.000103089563713, 0.0178044026167, 0.0134153786081, 0.33631563015, 28349.6941593]	1.1697817808
160	[4.0, 9.0, 3.55467464057e-05, 0.00512963640514, 0.00277353013443, 0.295321637427, 2859.95912611]	1.16977150516
37	[5.0, 7.0, 4.84676731351e-05, 0.00370903121516, 0.00223921907971, 0.290973111396, 2602.11676111]	1.16955823733
613	[12.0, 13.0, 0.000123497531511, 0.00807973802734, 0.00692130653229, 0.313723644578, 10276.2760119]	1.16937401325
49	[12.0, 14.0, 8.4948025229e-05, 0.00758646287656, 0.0131197560898, 0.321997874601, 12292.6875716]	1.16893811528
609	[14.0, 11.0, 0.000105147145313, 0.00744411372596, 0.00975206359768, 0.317630241423, 10824.0348807]	1.16747368759
115	[16.0, 12.0, 0.000121513686192, 0.00798190974387, 0.0136393072883, 0.324158723984, 13724.1228618]	1.16699850787
241	[8.0, 14.0, 7.30491955905e-05, 0.0076535525433, 0.00528529866078, 0.311796438929, 8088.39361626]	1.16676187074
67	[10.0, 9.0, 9.82173258185e-05, 0.00716488103435, 0.0064896638188, 0.308078629529, 5708.72268161]	1.16654704499
697	[13.0, 9.0, 0.000106290266353, 0.0064709228133, 0.00890321368453, 0.318155784651, 8107.83581756]	1.16468034617
838	[11.0, 11.0, 8.15623305375e-05, 0.00824073196516, 0.00954125380798, 0.315674822415, 7939.08386117]	1.16424894443
972	[14.0, 4.0, 0.000137355742105, 0.00264819777016, 0.00845029659725, 0.302075465998, 5492.54770407]	1.16420427631
856	[9.0, 6.0, 7.77857661916e-05, 0.00483382284044, 0.00773818354453, 0.301356238698, 3907.99601056]	1.16228660535
453	[18.0, 7.0, 0.000125632307928, 0.00513006110633, 0.016004673214, 0.320460226909, 11169.4870713]	1.16215966741
995	[9.0, 10.0, 8.68122335092e-05, 0.00554267570549, 0.00650292445365, 0.30978715494, 6356.82312775]	1.16197124964
96	[18.0, 7.0, 0.000123310939566, 0.00452997839772, 0.0157530221552, 0.322881684319, 10423.3936482]	1.16144928602
330	[10.0, 8.0, 7.08266693436e-05, 0.00569936054153, 0.00719634638726, 0.303902498328, 5421.98738328]	1.16126950642
358	[14.0, 10.0, 8.4239668371e-05, 0.00540618401284, 0.0130032068231, 0.318277310924, 9808.14559755]	1.1600144716
823	[10.0, 10.0, 8.55592320885e-05, 0.00611575455663, 0.0076630191912, 0.308687330205, 6826.94298902]	1.15958726363
558	[12.0, 35.0, 0.00013217608179, 0.0279918183336, 0.00603781747715, 0.338972133704, 34428.3779234]	1.15923199509
732	[8.0, 10.0, 7.49802748348e-05, 0.00655134240573, 0.00548862111536, 0.306567328918, 5611.72043989]	1.1583721878
85	[11.0, 11.0, 0.000113239655211, 0.00686070027522, 0.0058342214457, 0.307737289179, 7647.19189022]	1.15775746907
913	[14.0, 10.0, 0.000103411448096, 0.00886760912271, 0.0140425829586, 0.322767035734, 9990.99505943]	1.15607401233
746	[12.0, 6.0, 9.78459413579e-05, 0.00386242547225, 0.0100633407291, 0.311059262716, 5754.18595635]	1.15575639553
910	[9.0, 9.0, 6.09018001316e-05, 0.00464239497754, 0.00803586938104, 0.30519183225, 6179.57085958]	1.15536258596
657	[16.0, 10.0, 0.000136565977154, 0.00784682932175, 0.013770653506, 0.321780266461, 11901.2321224]	1.15473810578
978	[17.0, 14.0, 0.000121351848315, 0.0089547064651, 0.0132697761603, 0.325403540745, 15974.3060235]	1.1545038108
778	[11.0, 11.0, 7.40245054002e-05, 0.00783287774839, 0.00814703328124, 0.311893695998, 7820.64491527]	1.153822988
507	[11.0, 12.0, 9.72420135722e-05, 0.00874237182906, 0.00633439850229, 0.314513085053, 8721.3917314]	1.15274899949
984	[18.0, 13.0, 0.00010285081196, 0.00766076717629, 0.0198009667341, 0.33, 17231.2277599]	1.15184466465
954	[9.0, 7.0, 7.50326097983e-05, 0.00301505819003, 0.00510789010189, 0.292890828671, 4333.87196031]	1.15183144096
230	[10.0, 6.0, 9.12214333601e-05, 0.00324680668195, 0.00637719519, 0.299353332136, 4070.01652586]	1.15110752576
704	[8.0, 13.0, 8.3397798257e-05, 0.00837908432049, 0.00354842688875, 0.308154585799, 7217.98550854]	1.15068378862
458	[8.0, 9.0, 9.64882652089e-05, 0.00553661436559, 0.00330523791811, 0.29741225461, 4624.63836155]	1.14946630437
572	[9.0, 13.0, 7.92950940999e-05, 0.00851628919325, 0.00464890087824, 0.310210033196, 7755.35925948]	1.14634326556
933	[12.0, 6.0, 0.000118519203049, 0.00328452297563, 0.00637922629812, 0.301920405822, 5050.64506313]	1.14463388581
663	[10.0, 9.0, 7.44935500678e-05, 0.00438199478079, 0.010006361506, 0.310672673606, 6457.5885688]	1.14440508497
935	[14.0, 12.0, 0.000139170728743, 0.00928098263337, 0.0114285549655, 0.321335604332, 11657.318466]	1.14393169914
352	[7.0, 14.0, 5.83106957985e-05, 0.00808824066094, 0.00861415351114, 0.314285714286, 8184.40402248]	1.1422746609
650	[17.0, 25.0, 0.000133635010158, 0.0166826017731, 0.0111660070611, 0.335503137268, 28733.7831041]	1.14018676534
295	[11.0, 9.0, 0.000107923159602, 0.00486596637528, 0.00823159983369, 0.309528231798, 6884.29573137]	1.13953103764
546	[8.0, 8.0, 6.30620571069e-05, 0.00475857383137, 0.00586802113178, 0.299766159012, 4109.36274363]	1.13864130135
220	[11.0, 6.0, 0.000100093237561, 0.00353704509567, 0.00537632171461, 0.298682677659, 4619.23661571]	1.13844402699
184	[9.0, 8.0, 6.33818727646e-05, 0.00509899379474, 0.00727023679137, 0.303, 5125.51721619]	1.1381395891
143	[12.0, 39.0, 0.000100987303165, 0.0311028036908, 0.00739155964532, 0.3407627032, 43072.500986]	1.13693275174
664	[9.0, 9.0, 7.96551757427e-05, 0.00608246644164, 0.00778231934006, 0.309317577182, 5747.38338281]	1.13643779813
748	[16.0, 7.0, 0.000126708362759, 0.00482518476868, 0.0110686433608, 0.313694117647, 8701.98991084]	1.136391368
11	[14.0, 26.0, 9.76660438283e-05, 0.0205353085969, 0.0127245643051, 0.337952479129, 28018.2741792]	1.13610249026
630	[7.0, 10.0, 5.73538802844e-05, 0.00789180739492, 0.00498809477765, 0.303238915509, 4749.25631558]	1.1352266922
17	[7.0, 9.0, 5.76828090524e-05, 0.00439839232922, 0.00733185075571, 0.303101033678, 4596.41883783]	1.13500674346
963	[7.0, 12.0, 8.96042531187e-05, 0.0082860381393, 0.00351982681843, 0.305901428703, 5818.95705988]	1.13457346699
936	[7.0, 7.0, 8.6188175395e-05, 0.00482064099637, 0.00313013092279, 0.29472970583, 3115.77398708]	1.13332631356
506	[14.0, 9.0, 0.000113701106229, 0.00614939659733, 0.0090238157102, 0.314681353265, 8891.07425275]	1.13311019697
556	[10.0, 58.0, 8.06342791857e-05, 0.0515675138735, 0.00505184872526, 0.349921259843, 75070.0262295]	1.13289299583
147	[17.0, 9.0, 0.000158924263013, 0.00475492422786, 0.00844132967319, 0.312078651685, 11061.6869036]	1.13223447928
48	[12.0, 14.0, 0.000112359780784, 0.00850389826386, 0.00819129998649, 0.318358380031, 11680.032004]	1.13027604425
766	[11.0, 16.0, 7.35989734226e-05, 0.0129828268185, 0.0119768904337, 0.322881684319, 11783.6701547]	1.12942011292
374	[12.0, 30.0, 0.000120887292572, 0.0212619395649, 0.0108364391704, 0.338238278872, 31485.1048009]	1.12837551751
404	[12.0, 7.0, 9.01025694814e-05, 0.00470055958156, 0.00857497818665, 0.304717498629, 5993.69184809]	1.12706967687
299	[17.0, 11.0, 0.000121876130025, 0.00741772705523, 0.011601731701, 0.320511587653, 12988.0381414]	1.12691273204
928	[12.0, 10.0, 9.6310806229e-05, 0.00560644500747, 0.0108964449154, 0.311204481793, 8182.92194345]	1.12614498382
117	[11.0, 13.0, 7.0482252389e-05, 0.0086772942964, 0.0107346076507, 0.318967717239, 10028.0158454]	1.12573426838
277	[6.0, 11.0, 6.38517411909e-05, 0.00683389524125, 0.0025065059469, 0.303009182096, 5501.84122557]	1.12488991215
310	[11.0, 12.0, 0.000119372842159, 0.0081966258233, 0.0047384627823, 0.309040333797, 8385.6337051]	1.1244094023
730	[14.0, 5.0, 9.52526305749e-05, 0.00367388639798, 0.0118686689561, 0.308916213544, 6269.15643186]	1.12364001537
976	[13.0, 11.0, 0.000142933787756, 0.005687430371, 0.00811894445824, 0.314958893754, 9559.0931488]	1.12186865651
425	[9.0, 12.0, 7.80666332302e-05, 0.00935769578025, 0.00658767256903, 0.312029957872, 7242.17192926]	1.12104737362
651	[11.0, 8.0, 0.000117957783894, 0.00500462795332, 0.00842859065261, 0.311611817502, 6595.74987043]	1.12095109206
553	[8.0, 10.0, 6.61792633966e-05, 0.00699561772781, 0.00551175279336, 0.304671074682, 5411.56628796]	1.12012396668
525	[14.0, 29.0, 0.000128115312723, 0.0178603862881, 0.0115480639546, 0.336247772136, 30909.3693494]	1.11999988283
215	[11.0, 3.0, 6.95458878388e-05, 0.00261663202367, 0.0132839623219, 0.30529433317, 3613.36827498]	1.11990270796
84	[11.0, 8.0, 0.000103754471561, 0.00399055916373, 0.00634374357732, 0.302075465998, 6165.83649654]	1.11969762026
153	[11.0, 8.0, 0.000101851345134, 0.0049520885343, 0.00756291811776, 0.306962608215, 6137.33060865]	1.11617375369
242	[15.0, 13.0, 0.000100439725039, 0.00908306756127, 0.0161783271348, 0.32485380117, 13921.9384051]	1.11595897848
798	[17.0, 9.0, 0.000120400022062, 0.00614145152356, 0.020451423639, 0.325912646675, 12659.9744305]	1.11568368787
231	[19.0, 12.0, 0.000177251484547, 0.00743036965984, 0.0124449686555, 0.323382923674, 15971.5740342]	1.1154673771
87	[11.0, 10.0, 7.48900734687e-05, 0.00697752930324, 0.0101811573405, 0.315644927079, 7565.40842008]	1.11538315174
735	[12.0, 11.0, 9.78488973802e-05, 0.00720635057722, 0.00733445108228, 0.314532871972, 9599.2192137]	1.11426862692
948	[9.0, 7.0, 7.52765959533e-05, 0.00410351839153, 0.00728757863243, 0.302221550552, 4519.16447154]	1.113767543
667	[18.0, 6.0, 0.000128535035746, 0.00352473980904, 0.0118113624747, 0.314443850436, 9658.71352484]	1.11334405939
480	[7.0, 7.0, 5.18724663343e-05, 0.00468933667529, 0.00782921811664, 0.299874040307, 3197.30596687]	1.11268551115
497	[18.0, 10.0, 0.000145716747737, 0.00533049174475, 0.0122828533598, 0.319120416175, 13036.1598004]	1.10963992886
418	[11.0, 13.0, 7.09189680436e-05, 0.00956768509131, 0.0101148551297, 0.319558964525, 10305.4382374]	1.10935826417
900	[7.0, 11.0, 6.53251591108e-05, 0.00832395118123, 0.00359539682972, 0.303616433365, 5080.77168099]	1.10901044096
708	[15.0, 11.0, 0.000124331374885, 0.00784383537536, 0.0124423115161, 0.320850981902, 11152.8729809]	1.10861217478
91	[10.0, 11.0, 8.07066640719e-05, 0.00950439424444, 0.00847944057943, 0.315326395459, 7280.93659738]	1.10840654308
627	[7.0, 13.0, 6.7665751439e-05, 0.00825695979248, 0.00466278266571, 0.308012198503, 6977.3900179]	1.10822960399
482	[17.0, 11.0, 0.000135797978094, 0.0068745733598, 0.012278421811, 0.321108577668, 14372.2083742]	1.1074791083
344	[19.0, 29.0, 0.000166976003578, 0.0223060964553, 0.0149775089326, 0.340844014181, 36697.7284667]	1.10744888755
283	[9.0, 13.0, 8.57798485991e-05, 0.00931804744285, 0.00707861845402, 0.31749912679, 8259.7337835]	1.10708938052
618	[14.0, 13.0, 0.00013927399572, 0.00835430669305, 0.00683705655615, 0.314592247672, 12158.9414322]	1.10659118066
327	[8.0, 11.0, 7.42476870318e-05, 0.00680898303492, 0.00593004378583, 0.30955697966, 6336.52908133]	1.1065640292
835	[6.0, 9.0, 5.76426855373e-05, 0.00524688753947, 0.00495803806893, 0.297394563084, 3721.23210491]	1.10628191034
811	[16.0, 13.0, 0.000110660275394, 0.00930271546116, 0.0131419852605, 0.324769390672, 14023.8773332]	1.10523495602
575	[3.0, 28.0, 3.40794753765e-05, 0.0200184785882, 0.00161571099466, 0.323382923674, 16227.7625886]	1.10411383919
63	[10.0, 13.0, 7.77739684921e-05, 0.0077862992199, 0.00874998038984, 0.317923118502, 9242.97227254]	1.10278756511
709	[16.0, 14.0, 0.000127722875545, 0.0098998794807, 0.0137317988235, 0.325244771167, 15331.3936817]	1.10259139275
632	[11.0, 8.0, 0.000111103618067, 0.00478620685633, 0.00634694628189, 0.308792192953, 6743.56151462]	1.102069396
668	[5.0, 10.0, 6.35336124399e-05, 0.0066551310036, 0.00196594936975, 0.297076475132, 3648.36808995]	1.10138332567
714	[10.0, 30.0, 8.61755994352e-05, 0.0200774415038, 0.00695988905722, 0.331180445151, 26609.8493054]	1.10137301402
100	[6.0, 9.0, 4.77068283417e-05, 0.00604275318625, 0.00691839079435, 0.302404355058, 4080.12140073]	1.10136369907
623	[15.0, 13.0, 0.000111041148344, 0.00884153815492, 0.0124613133844, 0.32047049774, 13322.3965456]	1.09896997897
808	[9.0, 7.0, 6.54401911483e-05, 0.00383391328058, 0.00969924732487, 0.302660653207, 4559.9325586]	1.09887126981
434	[10.0, 10.0, 7.98075687791e-05, 0.00811272377272, 0.00711055736943, 0.310335195531, 6557.39582182]	1.09856071323
508	[16.0, 10.0, 0.000113344642056, 0.00774137367783, 0.0203934999456, 0.325498876917, 12759.1312695]	1.09832546117
754	[9.0, 7.0, 6.76721498873e-05, 0.00618190119773, 0.00895902532219, 0.306341911765, 4591.73523587]	1.09779468392
665	[6.0, 6.0, 5.6919997342e-05, 0.00373779363349, 0.00304922314438, 0.291592546149, 2492.7929772]	1.09566538056
213	[8.0, 14.0, 9.123776948e-05, 0.0100351658948, 0.00388493040668, 0.310171542017, 7477.2428753]	1.09416099762
222	[9.0, 12.0, 7.30991107577e-05, 0.00875973259294, 0.00691129470237, 0.318216536185, 7915.65877764]	1.09385459578
24	[12.0, 14.0, 9.73215695229e-05, 0.00772400504978, 0.0107455128526, 0.323686510634, 12439.077519]	1.09298039941
298	[12.0, 11.0, 8.72650380707e-05, 0.00812900811405, 0.0102804839236, 0.316193909496, 8991.39815606]	1.0926245489
883	[7.0, 8.0, 8.83817260344e-05, 0.00562774685972, 0.00250199113126, 0.295034079844, 3505.78732105]	1.09180093019
968	[7.0, 26.0, 6.03422255769e-05, 0.0177222991395, 0.0037657611255, 0.326295522778, 18018.1720224]	1.09169688247
734	[14.0, 13.0, 0.000101835111334, 0.00829264479197, 0.0101676668807, 0.317610062893, 11859.3302918]	1.09157477214
272	[14.0, 5.0, 8.64952668015e-05, 0.00255449792323, 0.0136381509291, 0.31041226872, 6453.21207998]	1.09113491564
466	[13.0, 9.0, 0.00012603969936, 0.00553126866976, 0.00905499702711, 0.315914189125, 8671.09464812]	1.09100943669
692	[19.0, 13.0, 0.000163154360114, 0.00737476230622, 0.0132837214878, 0.326465978843, 17224.5439652]	1.09094246313
246	[11.0, 12.0, 9.24958833441e-05, 0.00835094250008, 0.00853997056994, 0.314295593135, 9151.32519426]	1.09000033411
541	[14.0, 34.0, 0.000131163340534, 0.0282332595317, 0.00978034379976, 0.340183036777, 38290.5303786]	1.08983552385
949	[3.0, 30.0, 3.80955642088e-05, 0.0189685850324, 0.00201488603089, 0.325562465406, 19021.6201269]	1.08976319845
800	[9.0, 13.0, 6.23317616362e-05, 0.00898097287639, 0.0092455478065, 0.318125417581, 8390.57104912]	1.08954423635
353	[8.0, 15.0, 7.9893028994e-05, 0.00817767659771, 0.00621113567779, 0.314137606032, 9399.65077717]	1.08939747737
511	[17.0, 8.0, 0.000102047920057, 0.00604443806575, 0.0184919317598, 0.32388572169, 10878.028872]	1.08918582814
13	[9.0, 12.0, 6.36523159214e-05, 0.00873534686724, 0.00935690225467, 0.317257353174, 8078.87275876]	1.08888018247
427	[9.0, 8.0, 7.20609059136e-05, 0.0034085777746, 0.00887198641576, 0.304133588831, 5004.80620967]	1.08645341769
50	[16.0, 8.0, 0.000133937904965, 0.00486682583571, 0.00901763833403, 0.312898986106, 9590.43502864]	1.08631690301
580	[15.0, 11.0, 0.000134149756523, 0.00737205451814, 0.00883247195174, 0.319018600644, 11121.7503369]	1.08602793869
53	[20.0, 15.0, 0.000149073739077, 0.00951512395969, 0.0156994816334, 0.329564930784, 21270.9393762]	1.0853035782
397	[8.0, 12.0, 0.0001006991073, 0.00885987499275, 0.00313409377044, 0.308097615086, 6533.39587618]	1.08514704964
739	[10.0, 7.0, 8.1468205975e-05, 0.00403610807272, 0.00861836094632, 0.303386127799, 5321.05775028]	1.08428231241
552	[9.0, 10.0, 6.20076652947e-05, 0.00698435310194, 0.00866776747612, 0.308506371294, 6707.15423908]	1.08401321621
51	[9.0, 27.0, 9.32658118938e-05, 0.0185227582098, 0.0057839420351, 0.327696391702, 21520.8136612]	1.08367126892
199	[15.0, 6.0, 0.00011676643001, 0.00398410625792, 0.0104177495607, 0.312693498452, 7666.80090628]	1.08224403511
301	[10.0, 9.0, 6.99921640592e-05, 0.0067094623938, 0.00841962162698, 0.309739173533, 6347.12455345]	1.08134953471
218	[20.0, 6.0, 0.00017564281746, 0.00365163951993, 0.0127910115935, 0.320902467987, 12022.3924668]	1.07950610959
237	[9.0, 7.0, 8.34681131058e-05, 0.0043557419248, 0.007364415129, 0.304671074682, 4577.67444368]	1.07814296633
757	[12.0, 10.0, 0.000126845054363, 0.00701288583482, 0.00743222695629, 0.314493300623, 8173.98358926]	1.07795285993
328	[11.0, 11.0, 7.55818563985e-05, 0.0066083958601, 0.0126681123811, 0.316724738676, 8663.41140874]	1.07719196378
589	[13.0, 12.0, 0.000124414965589, 0.00840073442847, 0.00806216578745, 0.314433962264, 10399.5099196]	1.07644783552
111	[10.0, 13.0, 6.50929695023e-05, 0.00935146793073, 0.00747380985189, 0.312410173093, 8772.06240405]	1.07554084874
244	[5.0, 16.0, 6.59624365797e-05, 0.0122471496858, 0.00286466351058, 0.313477756529, 7427.30916522]	1.07528213846
278	[11.0, 13.0, 0.000117720816473, 0.00895882289334, 0.00500073499789, 0.313350047007, 10023.3539142]	1.07525766571
537	[10.0, 10.0, 8.69326552804e-05, 0.00659846642296, 0.00848196297535, 0.313202819107, 6972.09481145]	1.07524590746
521	[14.0, 32.0, 0.000124418411959, 0.024756049989, 0.00957290093436, 0.340855633203, 35671.6219461]	1.07504030438
740	[8.0, 34.0, 9.77846271396e-05, 0.0255113180186, 0.00427660635547, 0.334862692565, 30969.2096315]	1.07293891124
684	[12.0, 16.0, 7.75125840596e-05, 0.0120372465779, 0.0142304389463, 0.32739595953, 13953.4511189]	1.07256226998
981	[13.0, 9.0, 7.51624972113e-05, 0.00620738486363, 0.0154019398075, 0.320655485361, 8973.88367457]	1.07238071565
549	[10.0, 7.0, 9.9715641466e-05, 0.00370105837002, 0.00723811559577, 0.299577553405, 4951.78673214]	1.07208703308
55	[10.0, 5.0, 9.17481751574e-05, 0.00277105984655, 0.00566520150403, 0.294166102792, 3816.91693346]	1.07172803919
349	[7.0, 7.0, 5.28638314015e-05, 0.00561536444754, 0.00528030736433, 0.296389613469, 3397.93259436]	1.07091791191
706	[8.0, 11.0, 8.05078021542e-05, 0.00716563829366, 0.00468337425847, 0.306116825863, 6095.65810229]	1.07044775606
941	[13.0, 12.0, 7.84757458416e-05, 0.00912727842159, 0.0139839402255, 0.320295983087, 10799.6421529]	1.06940167649
95	[14.0, 9.0, 9.11096319015e-05, 0.00534600769938, 0.0146587710184, 0.316654527029, 9735.40433079]	1.0680871749
868	[14.0, 14.0, 0.000113392135015, 0.00765745991988, 0.0103499245018, 0.319161160586, 13217.509369]	1.06771523396
880	[8.0, 7.0, 7.3093496322e-05, 0.00449128834315, 0.00470668564304, 0.295487455303, 3870.51931444]	1.06760237021
893	[14.0, 10.0, 9.13371092117e-05, 0.00551115704814, 0.0118539640574, 0.318906678574, 10578.2766129]	1.0667815797
535	[13.0, 15.0, 8.26325835085e-05, 0.00965327008141, 0.00992794459936, 0.318916850062, 13834.1869695]	1.06668382899
599	[12.0, 11.0, 0.000132226620961, 0.00739207328358, 0.00690619637394, 0.315217048643, 9217.66141945]	1.06649841593
946	[16.0, 7.0, 0.000135204411845, 0.00413635251317, 0.0141750395015, 0.316945606695, 9562.65287809]	1.06378337195
71	[11.0, 10.0, 0.000101040493883, 0.00561526521187, 0.00573522285013, 0.310701634454, 7319.63971267]	1.06259927205
828	[8.0, 6.0, 7.73255789003e-05, 0.00357474238722, 0.0043692158969, 0.295260593533, 3596.20539074]	1.06212093836
123	[5.0, 9.0, 6.00521983262e-05, 0.00590400700837, 0.00230624591405, 0.29879870906, 2996.728173]	1.06053331123
608	[8.0, 34.0, 5.91436237682e-05, 0.0262037517714, 0.00685835346753, 0.337929636013, 30474.2859184]	1.06019429473
929	[18.0, 10.0, 0.000136225613778, 0.0059263770042, 0.0147661102376, 0.322798295455, 13630.7451382]	1.0589361482
503	[11.0, 13.0, 9.87301423579e-05, 0.00838576224052, 0.00728555690986, 0.316945606695, 9695.32928169]	1.05796263558
656	[10.0, 16.0, 7.66801301497e-05, 0.0113636584619, 0.00729741138446, 0.321645703992, 12238.2609351]	1.05704310025
994	[12.0, 35.0, 0.00010275562422, 0.0299410389407, 0.00692409346287, 0.338135335295, 34196.5062462]	1.05572676144
335	[11.0, 9.0, 8.8017185618e-05, 0.00651736263341, 0.0105536230016, 0.311640953717, 6951.63916131]	1.05482375975
857	[6.0, 6.0, 6.36327991162e-05, 0.00414591699882, 0.00369356615726, 0.290331010453, 2396.51079223]	1.0542011215
161	[14.0, 34.0, 0.000103152126615, 0.0286359807947, 0.0111543297646, 0.339559208069, 37398.2897301]	1.05294361252
799	[7.0, 11.0, 7.05146033552e-05, 0.00778087050035, 0.00334575103746, 0.300468778172, 5104.26285365]	1.0528518408
403	[11.0, 14.0, 7.62704234755e-05, 0.00915664095607, 0.0102586760622, 0.317973669147, 10669.690989]	1.05241030525
526	[10.0, 13.0, 9.03253867294e-05, 0.00837210897686, 0.00589223533217, 0.311495327103, 8307.56289215]	1.05184325165
57	[14.0, 15.0, 0.000127480286075, 0.00859723161966, 0.00988261281098, 0.324011665587, 14478.1636336]	1.05171212948
859	[16.0, 10.0, 0.000131495662024, 0.00738823597832, 0.01322273988, 0.323424763876, 11867.7127071]	1.05145332031
791	[6.0, 11.0, 6.31520378262e-05, 0.00745465376396, 0.00287396632971, 0.299326448137, 4646.10885619]	1.05109782052
290	[15.0, 7.0, 0.000115798828569, 0.00427790653688, 0.0110220113837, 0.315217048643, 8662.8712156]	1.05100811572
133	[10.0, 31.0, 5.76509035469e-05, 0.0213360622364, 0.0106217821624, 0.338215397105, 29052.7146997]	1.05001641343
341	[14.0, 7.0, 0.000130091998746, 0.00587236241139, 0.01345322587, 0.317418494651, 8077.60095815]	1.04855948426
885	[12.0, 11.0, 8.3124966713e-05, 0.00776367760804, 0.0134418575824, 0.317842270892, 8924.25464569]	1.04815953024
281	[7.0, 12.0, 6.67976640624e-05, 0.00918672469301, 0.00585890138984, 0.308192577981, 5517.40200756]	1.04776240836
134	[14.0, 6.0, 0.000115066992025, 0.00276959748638, 0.00874340680806, 0.307019159912, 6639.20053988]	1.04738145292
790	[11.0, 8.0, 0.000114517388122, 0.00581564256235, 0.00537409189281, 0.305695680088, 5949.35044697]	1.04703838254
131	[12.0, 12.0, 9.21072861785e-05, 0.00889504622466, 0.0115264401732, 0.318561233592, 9638.50145168]	1.04667369157
531	[12.0, 5.0, 8.41810923385e-05, 0.00326622575905, 0.0138220939419, 0.308992583436, 5195.83170894]	1.04665217807
722	[12.0, 10.0, 0.000119037259538, 0.00696737613907, 0.00663011833347, 0.309279307145, 7996.4730089]	1.04631648329
902	[12.0, 9.0, 0.000119049440637, 0.00613406569441, 0.0055653145911, 0.307151194938, 7120.86025163]	1.04550257971
943	[11.0, 7.0, 8.43758794156e-05, 0.00499689963549, 0.00955800578893, 0.309470752089, 5506.83029006]	1.04482909333
774	[13.0, 11.0, 8.58196286523e-05, 0.00766385716156, 0.0111219123126, 0.316303935214, 10201.5131566]	1.04470131025
612	[8.0, 12.0, 5.22800401392e-05, 0.0088233635495, 0.00648989675781, 0.307245575221, 6580.0849601]	1.04291795674
496	[14.0, 10.0, 0.000101377162614, 0.00677382177718, 0.0120927238311, 0.317076264468, 9981.73141934]	1.04272666098
139	[8.0, 7.0, 5.63468624493e-05, 0.00531398125853, 0.0083020825637, 0.303865556433, 3917.47965101]	1.04259593786
610	[9.0, 6.0, 6.87158040107e-05, 0.00420222382819, 0.00831993591496, 0.304763936725, 3804.36742864]	1.04238282027
382	[11.0, 8.0, 8.48775051001e-05, 0.00613862639639, 0.0110867368298, 0.317317762051, 6505.10582882]	1.04143675177
906	[10.0, 11.0, 9.09319168524e-05, 0.00638069943886, 0.00520796016965, 0.306069974594, 7129.26197222]	1.04119962005
551	[7.0, 10.0, 5.62278737183e-05, 0.00782307959624, 0.00547064448949, 0.306633138091, 5140.33658936]	1.04100554713
483	[9.0, 10.0, 0.000100321545671, 0.00737358396166, 0.0049831235915, 0.307699409158, 6038.76875468]	1.04029766119
148	[17.0, 10.0, 0.000128242777122, 0.00673391265077, 0.0155538598226, 0.326423348133, 12524.6775165]	1.0401133661
969	[16.0, 9.0, 0.000123462234673, 0.00705769512397, 0.0131726709669, 0.319110231697, 10978.734851]	1.0400327424
221	[11.0, 8.0, 0.000102242768274, 0.00575985703261, 0.00744170973165, 0.311359531668, 6224.03955473]	1.03977040889
342	[13.0, 9.0, 8.93014608597e-05, 0.00591786040387, 0.0119577812196, 0.315744600227, 8595.57357391]	1.03869340649
947	[18.0, 8.0, 0.000119012492284, 0.00465209550215, 0.018104463714, 0.322714949651, 12423.832648]	1.03825887966
380	[7.0, 27.0, 6.97330432034e-05, 0.0200943310573, 0.00399747857751, 0.32863340564, 19590.9107067]	1.0380751882
566	[9.0, 13.0, 0.000100297358812, 0.00929416735835, 0.00651140237359, 0.312713057076, 8395.73984469]	1.03750213356
752	[8.0, 9.0, 5.25556074575e-05, 0.006498705458, 0.00657268876186, 0.301984234846, 4738.96311606]	1.03654243301
637	[14.0, 8.0, 9.03343055363e-05, 0.0046726698308, 0.0124571915914, 0.311621528968, 8228.82077283]	1.03650171682
633	[13.0, 29.0, 0.000102533490061, 0.0227688289726, 0.00861508816392, 0.337075242718, 30660.0639261]	1.03622206663
585	[12.0, 10.0, 0.000109298728709, 0.00644596576675, 0.00852199263049, 0.312127360699, 8184.11731829]	1.0358974351
187	[14.0, 11.0, 0.000110444356287, 0.0094334153061, 0.00830088308401, 0.315595114099, 9678.90333472]	1.03582874958
870	[12.0, 30.0, 0.00011171630371, 0.0185938001201, 0.00840134607237, 0.333600240216, 30373.0529756]	1.03579193601
314	[16.0, 6.0, 0.000152167756829, 0.00346440551911, 0.00917809778248, 0.309183673469, 8099.44695249]	1.03475518995
772	[13.0, 7.0, 0.000102478770384, 0.00579962392298, 0.0111109559211, 0.31246875, 6825.49607447]	1.0345877868
401	[13.0, 8.0, 8.85954727738e-05, 0.00505422827442, 0.0110008542566, 0.312732618147, 7424.08983591]	1.03441751395
685	[13.0, 9.0, 0.000110000360056, 0.00593238751918, 0.01062765221, 0.310981867944, 8444.60635074]	1.03372815435
318	[12.0, 17.0, 0.000111448703056, 0.0119247478782, 0.00816000837234, 0.323132109617, 14217.297275]	1.03365371338
719	[7.0, 10.0, 6.77557052979e-05, 0.0068690928969, 0.00299214751509, 0.300730849048, 4796.91976106]	1.03254778155
661	[12.0, 14.0, 0.000110422296825, 0.0113991217811, 0.00555089978729, 0.315724660562, 10642.9527417]	1.03248406998
225	[6.0, 8.0, 4.44034094402e-05, 0.00572666088013, 0.00488151709917, 0.296811921159, 3287.64764228]	1.03092391405
192	[10.0, 5.0, 8.17966873054e-05, 0.00288124144314, 0.00689446160003, 0.300072024488, 3757.92685525]	1.03068377311
454	[12.0, 7.0, 0.000108314459698, 0.00540474381294, 0.00700019834561, 0.306144943511, 6020.79083205]	1.03006935049
276	[7.0, 6.0, 6.12583323784e-05, 0.0029881867595, 0.00569624499254, 0.290508149569, 3096.94638139]	1.02956001524
737	[17.0, 7.0, 0.000161758235054, 0.00486623123382, 0.0104798240101, 0.314453739229, 9025.17496647]	1.02931751488
387	[13.0, 28.0, 0.000105542458496, 0.0199763192582, 0.00985231922179, 0.336791404224, 29348.5397367]	1.02908627297
52	[15.0, 9.0, 0.000120136019651, 0.00474545219799, 0.0102481491876, 0.314424074715, 10036.2647714]	1.02887055579
99	[14.0, 10.0, 0.000105168793469, 0.00635483892327, 0.00863750923307, 0.311806161906, 9174.40621626]	1.02883417997
253	[12.0, 12.0, 0.000118385568221, 0.00613245411956, 0.00780715006787, 0.315028355388, 10098.537025]	1.02829148586
489	[12.0, 8.0, 9.70458701263e-05, 0.00526589560252, 0.010950209256, 0.314275836057, 7062.43153083]	1.02788422853
853	[16.0, 13.0, 0.000108304655587, 0.00942326462881, 0.0141199250914, 0.324811590437, 14884.8621681]	1.02787534583
724	[9.0, 11.0, 8.14721932786e-05, 0.00704775732531, 0.00522766725802, 0.307974250778, 6560.51235716]	1.02764569632
762	[9.0, 4.0, 8.51099434331e-05, 0.00241424342515, 0.00602164973956, 0.29088, 3175.3297066]	1.02696161212
101	[20.0, 12.0, 0.000141272911644, 0.00670524470909, 0.0144369780048, 0.326061436118, 17036.6565803]	1.02690776641
190	[11.0, 11.0, 7.74068162725e-05, 0.00722301182635, 0.00829581184387, 0.310749914535, 8170.27921901]	1.02661420931
350	[18.0, 8.0, 0.000176726617268, 0.00510469124554, 0.0118742231234, 0.318054583625, 11120.0512786]	1.02611595838
171	[10.0, 13.0, 8.9455488862e-05, 0.00978379918362, 0.0057907394314, 0.316283924843, 8779.032975]	1.02606096908
321	[10.0, 12.0, 9.85098738366e-05, 0.00933955061342, 0.00597081937205, 0.310663021189, 8194.49178907]	1.02595955974
861	[8.0, 14.0, 7.13867445782e-05, 0.0105377471353, 0.00725966367926, 0.31867291328, 8446.77295566]	1.02450073446
505	[7.0, 9.0, 6.23030310369e-05, 0.00655838725413, 0.00489136405698, 0.300360468609, 4079.45268239]	1.02417525621
250	[11.0, 8.0, 9.51669290421e-05, 0.00557161990403, 0.00545587557341, 0.301792828685, 5788.01619684]	1.0241266635
624	[14.0, 16.0, 0.000128170248527, 0.0125154566907, 0.00757412945764, 0.325382362512, 14796.9841824]	1.02396198853
779	[17.0, 10.0, 0.00015207708958, 0.00614873473775, 0.0135876333908, 0.319426253075, 12919.8646271]	1.0232943358
211	[14.0, 6.0, 0.000103955753511, 0.00476401572562, 0.0122827721398, 0.31631394135, 7275.74871302]	1.0227750991
615	[14.0, 12.0, 7.91055479773e-05, 0.00721733450419, 0.0133565984769, 0.320347291193, 11334.2328406]	1.02269953227
302	[12.0, 9.0, 0.000109679452115, 0.0061104300643, 0.00926785714816, 0.31371380165, 7463.21228906]	1.0225959177
436	[11.0, 14.0, 8.90175795297e-05, 0.00814921647111, 0.0061780550749, 0.313458102135, 10540.1828385]	1.02204578802
904	[11.0, 14.0, 0.000106173271158, 0.00995824394432, 0.00699767823938, 0.317741269186, 10475.5272306]	1.01918778617
229	[7.0, 29.0, 5.4059555055e-05, 0.0226538221245, 0.00547202880878, 0.331334084432, 20739.4774891]	1.01768768007
151	[15.0, 4.0, 0.000111367321593, 0.00257801711083, 0.0126417698079, 0.309892766379, 7228.45741078]	1.01767022351
560	[16.0, 15.0, 0.000141981850959, 0.00926449084266, 0.00862044137829, 0.324221789883, 16483.031142]	1.01646920687
932	[14.0, 8.0, 0.000102316062316, 0.00495030460173, 0.0126262265611, 0.316113938857, 8878.5744567]	1.01504824381
43	[11.0, 5.0, 0.000117501841945, 0.00273402120494, 0.00512739208313, 0.298986334958, 4136.13623159]	1.01429671494
306	[13.0, 10.0, 8.76012365512e-05, 0.00604631319449, 0.014587826006, 0.321170462211, 10320.5177822]	1.01417273244
750	[6.0, 10.0, 4.71439120325e-05, 0.00588262675343, 0.00475812631374, 0.298816568047, 3955.54305219]	1.01389120993
254	[18.0, 14.0, 0.000126673396691, 0.0095599355148, 0.0147379378882, 0.330818858561, 18204.0142294]	1.01366401646
70	[13.0, 12.0, 0.000131731867877, 0.00844825241609, 0.00787012906909, 0.315954118874, 10269.7180017]	1.01303151843
840	[14.0, 6.0, 0.000117540065173, 0.00420286155382, 0.00958656229813, 0.310008061016, 7166.6920471]	1.01084084754
197	[12.0, 9.0, 0.000120476229543, 0.00582897494483, 0.00796672058805, 0.312361375777, 7455.62730928]	1.01000600782
570	[10.0, 15.0, 9.79254696413e-05, 0.0104017085073, 0.00571018505044, 0.317186905215, 10237.5911582]	1.0094494787
911	[16.0, 27.0, 0.000140815324805, 0.0209387276043, 0.0115156722761, 0.337952479129, 30579.1018484]	1.00844037256
532	[8.0, 16.0, 6.2812447341e-05, 0.0099216294106, 0.00741802980974, 0.315615037404, 9731.0499757]	1.00806587415
529	[12.0, 12.0, 0.000107257726617, 0.00851373830408, 0.0119083199511, 0.321026102032, 10359.8391211]	1.00799984341
898	[7.0, 4.0, 5.49858444122e-05, 0.00312453736275, 0.00589622213473, 0.290314151327, 2012.2658946]	1.0076467244
974	[15.0, 8.0, 0.000125059983684, 0.00417387774373, 0.0102036165317, 0.314196832579, 8987.98017206]	1.0074745819
990	[16.0, 6.0, 0.000119478519942, 0.00400787988196, 0.0142776648577, 0.315974087534, 8685.27867761]	1.00721508026
165	[18.0, 13.0, 0.000143492587638, 0.00929685372056, 0.0131041657415, 0.32795434419, 18354.6117531]	1.00713470595
112	[9.0, 15.0, 7.4550237101e-05, 0.0112040947583, 0.00645832140259, 0.319303847996, 9578.87502682]	1.00697572038
140	[11.0, 13.0, 9.789392226e-05, 0.00880787456572, 0.00721670035486, 0.317096375226, 9749.36073636]	1.00650623961
181	[13.0, 10.0, 0.000117988383335, 0.00619414835477, 0.00820581317629, 0.315415917479, 8983.22989351]	1.00604268331
391	[9.0, 8.0, 7.12291294892e-05, 0.0046852666147, 0.00881228849366, 0.304624664879, 5246.41369144]	1.00550762327
603	[12.0, 8.0, 8.5874028028e-05, 0.00475182251815, 0.0104861487417, 0.312224824356, 6914.22772483]	1.00528669339
449	[12.0, 12.0, 7.93013896803e-05, 0.00939383127891, 0.0125713283581, 0.321098265896, 10165.3436107]	1.0050521511
42	[12.0, 14.0, 8.84443415103e-05, 0.0112404194216, 0.01161491202, 0.322433975041, 11554.7449378]	1.00504915838
443	[15.0, 6.0, 0.000103163663389, 0.00554842006644, 0.0111732968252, 0.314701161363, 7620.1800778]	1.00499897284
144	[15.0, 10.0, 0.000117918502251, 0.00558744003384, 0.0103050482908, 0.317761464391, 10581.7683887]	1.0047395932
56	[7.0, 8.0, 4.89027538921e-05, 0.00467865053406, 0.0102146023464, 0.307038015108, 3973.65048922]	1.00338150459
8	[16.0, 9.0, 0.000150629577191, 0.00639324757813, 0.0124532948436, 0.322153489271, 10667.4599814]	1.0033642653
916	[9.0, 9.0, 6.22560598353e-05, 0.00518575091875, 0.0071096282, 0.303376922844, 5351.88876555]	1.00298706905
65	[20.0, 10.0, 0.000151730542813, 0.00627141155614, 0.014418976017, 0.321170462211, 15371.4491285]	1.00259430148
621	[10.0, 5.0, 7.08888213401e-05, 0.00284288712706, 0.00677016219685, 0.295705920625, 3864.52156938]	1.00213263504
407	[8.0, 9.0, 7.37469635027e-05, 0.00639918163184, 0.00623163215055, 0.305312977099, 4532.61009529]	1.00134997223
460	[13.0, 12.0, 0.000128017509633, 0.00771812753226, 0.00910475451307, 0.320285723438, 11417.9403732]	1.00109827125
346	[7.0, 9.0, 7.17066552154e-05, 0.00641333297943, 0.00387643545872, 0.299622437972, 4096.37971697]	1.00100749047
713	[12.0, 9.0, 9.22471700649e-05, 0.00588342323488, 0.00888838573113, 0.311107654014, 7367.65219224]	1.00052149652
631	[7.0, 4.0, 6.05911909096e-05, 0.00262809507031, 0.00627390908046, 0.294712331997, 2124.65686177]	1.00010914079
