10566
28862
22367
8735
20255
10006
33552
11801
23532
3659
21194
16382
27505
19291
21505
25516
11283
21415
18701
25720
15975
2780
33121
13065
522
8131
7990
10559
6186
15098
27069
14148
5784
18114
18972
366
33917
31176
3435
30419
18458
22269
9705
1910
23736
32342
22203
36404
14368
18499
25918
21453
17168
17569
4895
24125
10192
20802
4011
5672
211
22929
105
12378
34118
9881
23537
2269
31643
3001
9613
11041
18373
19352
26807
6747
16843
12917
19367
12601
18826
22911
18365
3943
11800
35024
8657
22613
28405
5295
20913
9905
3606
28012
20504
4701
649
4584
31013
34855
27189
34889
1363
28237
2481
36048
27300
6055
4896
3473
25631
8714
8839
4732
21164
12785
16180
19589
32611
28348
27628
36677
31936
36183
13269
36111
31640
1256
775
34588
925
29676
12944
13107
29213
30952
9007
36543
22217
15138
35602
1307
31048
27461
12785
19652
32604
15771
27567
26123
7220
22316
16872
24254
30175
35318
7148
4880
18080
10976
7816
26395
5016
35905
19867
6959
12588
28525
24104
3519
5200
15012
28143
36187
4516
26994
15015
20267
23587
13917
18726
18220
14320
14601
18101
33136
12455
15637
18931
36034
1537
21617
3592
1768
8891
4352
35625
927
33893
34682
6928
16436
19961
23007
5341
25720
23665
31762
16343
4956
10916
32264
4357
20478
15394
17589
32851
29874
25953
6932
30778
29314
18407
15028
27686
28928
1328
15950
21479
6581
1960
5271
330
1221
7282
2141
19878
31333
23731
14367
23686
32604
12576
34376
9714
11047
29164
23723
34529
15248
34715
20524
13915
11399
4096
2550
5371
26208
14221
26390
32997
9872
16472
14738
3228
20535
18327
22842
32300
33747
27479
9052
30082
4862
4971
18630
27082
23872
32414
29129
24959
34461
33583
23121
25390
3397
34043
14005
11973
29828
34932
21062
7192
8387
3640
1543
12474
22082
637
29591
32848
22235
2527
5302
24992
13809
9840
24219
34314
30184
35302
2953
6927
15219
26906
32024
16107
30835
13180
32926
11706
13776
31795
10972
17666
10791
1174
33254
528
2263
21197
25050
32343
18012
4970
21040
12930
542
34720
25590
911
4742
2572
8271
32890
34325
8633
17249
10198
9208
5544
23791
19069
1989
8505
2989
2733
2743
9442
24592
23863
6899
21917
26127
4716
23158
18384
27256
30966
7624
7490
1486
4880
19913
32523
6257
28893
12980
32491
4986
15350
22444
13498
30904
29406
7981
24524
29538
15814
6670
36166
30603
18441
32861
26396
34867
2116
16673
24092
2159
18885
17316
2735
35026
33451
8909
31834
31675
12696
6605
26646
490
31516
32901
5763
1487
29914
13376
31928
635
21044
33892
17084
35442
8096
15305
20672
14001
35875
27582
5198
12597
3814
18369
7146
22418
26206
24942
8277
11926
26279
1282
19514
29601
34496
22922
4663
15626
21111
17832
17686
9118
30532
19598
36128
6881
34407
3352
7481
5944
30968
12981
1216
29531
4565
303
29670
13902
1028
3626
30248
31246
35814
3048
13617
34074
19347
6811
12244
24963
19534
1545
17916
28350
32544
6087
512
49
1782
19858
1774
35616
7068
25375
26012
25129
27538
30212
3705
35554
20647
35540
16892
31145
20338
6095
18410
15477
2271
31525
7173
17506
6656
18531
5045
26954
11784
14502
30385
19784
24897
2883
27507
8995
33813
16326
31262
358
10740
27826
33343
24606
20227
30030
11402
11566
4851
27480
15866
31059
35279
3084
19304
10291
19556
19764
19994
10438
31036
20772
23726
35062
7416
1465
1152
25330
30077
25754
31217
18504
8564
24859
25985
17840
4155
32332
36089
4570
26482
1605
23244
10068
16124
2016
19456
16629
2351
10633
33931
11624
24015
24872
28644
18759
10397
3462
36507
9216
28648
8894
30031
18669
1215
22714
21511
26356
1060
34087
4380
10233
4194
2893
2382
13180
12445
16805
25862
20099
9090
9704
12607
20960
22513
18757
26829
33202
19386
30700
26253
10677
6330
13972
26577
27336
26282
2673
34693
10285
20686
12324
5465
22156
9226
6459
29431
30347
1217
32843
6143
25107
35960
10487
20410
21206
25089
16385
7451
13415
1035
5163
30918
7603
34951
11905
10101
2222
24207
12647
36231
25831
33650
18317
7014
13007
35639
36143
33256
762
8871
7861
31712
27997
27294
29959
21835
31456
31433
11813
30539
22534
11707
3451
30479
9256
30202
5219
1737
34108
6584
11517
18094
14820
29102
25891
20105
30095
13176
29678
31475
27992
3764
19618
4701
35975
20043
5322
32519
33499
30877
36079
16634
7709
12869
9789
30375
28501
29682
12945
24573
20995
33162
10997
358
33971
15330
29406
31293
18151
24447
1320
22212
1941
24658
26790
25476
21478
33104
27792
26144
14801
24328
20107
16419
112
7773
31458
20179
32564
20338
11260
12608
36173
3825
1274
20845
33718
29117
33630
30060
7613
56
36403
28058
5666
12933
22388
16344
11840
20302
512
4899
1525
17480
19026
13207
31761
4366
24031
25813
20961
15071
2030
17621
18034
26175
29587
35621
8149
34631
33616
22214
32494
25007
6657
25132
1843
3173
14622
30263
21569
14427
18392
194
17302
9154
21494
34612
4632
7021
735
29762
745
36325
13280
7763
23264
4342
2310
12842
22450
14480
27788
25164
18666
32442
27245
8656
16063
14484
8087
8781
4224
29105
16487
32841
30034
34992
16346
35640
20303
26203
20427
13693
18020
11953
16475
22861
20534
11747
31067
32423
10295
21197
7750
17557
352
9887
5872
32577
7080
10504
3023
18555
10202
625
8504
5908
13832
8453
25817
14150
32636
34957
2890
35426
14066
27771
18369
3497
29558
3756
5142
8269
19684
267
33264
9062
18926
27681
20112
1513
3780
29377
35
35583
27837
33467
35151
33342
15377
20659
13138
35184
10277
18044
5723
14404
23748
8367
3332
15003
20622
2695
4914
8096
21767
36156
31686
1417
12446
34486
29275
28931
26634
32635
25350
35192
24481
2984
11889
9679
26108
35818
24165
18511
16942
5188
16195
15592
18915
16342
32570
12052
32494
13800
14683
33827
27825
22853
6787
1418
11488
12445
7994
16969
11491
20951
24510
26964
9121
7619
7738
34403
12873
15479
23540
23645
25005
36303
32086
16736
6456
29554
22105
24595
10876
25007
13102
5678
25209
21398
19407
10592
13146
13550
2605
631
5441
30839
25125
22268
13196
9544
3367
7646
13572
921
28712
32256
34415
8631
4180
9302
18981
19015
24271
19021
20309
1707
5932
25
34495
27122
35163
1311
4687
23252
13969
10779
31049
958
32352
2262
1697
34711
26272
5984
23254
18158
2385
17868
4953
20212
31523
16649
27912
8406
27381
28009
15526
6301
10447
19465
10338
4909
29599
24952
24287
36141
32722
14995
33799
13533
6037
404
17859
28619
18677
30728
32628
32213
7795
16290
18746
8202
21734
11139
14678
22392
3623
5066
3997
19490
8720
14403
21475
23017
6795
4563
12543
21034
19019
16911
22035
8139
20067
24241
12229
6266
30351
14010
26991
34974
21325
3450
15348
1577
5407
5572
32317
17521
35397
18064
28653
17874
16541
27236
20674
31503
7407
6944
35357
5368
26030
16373
29367
23986
3937
12780
20842
16847
15110
25950
27408
16354
7190
35566
609
25021
26767
23475
29748
17115
36194
27826
32425
5925
25596
17813
29555
15009
27850
3218
22027
21867
35417
25469
33010
15928
18530
707
11366
27749
10985
11532
20370
15367
21739
29072
5955
32636
6946
5092
35902
24787
19155
15738
29960
22782
8377
9274
13637
2763
24504
19843
8353
1907
15231
24601
13193
36430
11341
19543
18959
4432
569
1416
12139
19307
13177
6925
1289
30530
20566
36025
8920
26798
33525
233
36561
34241
30740
17905
14409
6692
19968
15670
24967
24353
24505
12899
9069
22927
7470
19050
16160
877
10980
9828
6702
33363
32178
36224
33105
31329
14685
15835
28146
26054
245
5157
31322
4941
20894
11506
10387
27210
24248
27168
28212
11275
7123
829
22169
36516
9489
9528
35883
32160
6532
19799
32179
22602
4525
25183
17697
33336
22223
22902
23381
23400
14580
2658
23215
31631
7952
31606
14762
11638
28953
28650
18317
20005
22853
25595
16401
23181
33405
31759
2214
27382
7384
1260
29617
10911
12818
17084
27546
26412
30850
9365
5688
6143
18544
29762
2980
21276
12616
14209
17366
1192
26265
13036
25388
12535
20456
1791
22069
15950
12805
22183
33091
17963
23167
118
5509
4910
16130
32027
21732
27286
33056
35376
12950
27610
33072
6719
2498
12620
29861
211
34180
17491
15792
34300
5779
33929
23057
26663
12009
582
33402
17912
2823
8153
15364
32362
18512
30017
19375
24901
24860
29811
20215
30812
31357
12945
33543
9600
9429
585
28194
34440
6289
7828
19592
10735
27019
20230
28340
3721
5632
29054
596
10983
16562
13731
17217
28615
9281
36208
27159
12164
31359
16105
10210
8732
25222
22424
11855
25623
29627
34037
8558
11935
20676
11812
17796
25637
9029
9619
6070
30374
4340
13845
13238
31926
22967
15869
18059
28094
16843
4126
14587
24728
10673
31838
30205
8866
1351
2435
28907
20345
9785
18245
34739
22668
35819
28041
5642
22299
34532
32400
9124
35803
34210
23752
1492
3943
17281
24096
13328
14197
5727
35946
8351
763
36091
11507
29063
18313
31208
5350
19333
25068
6010
11686
22171
7177
7926
5826
20833
28364
27824
11343
13885
30313
34558
15036
29168
22395
2881
25878
11856
35555
21895
13274
20904
635
19658
13737
21526
8725
12308
12220
28516
33456
18667
12716
10661
23929
32577
8051
31942
34061
1050
4317
35823
11150
23827
12417
2703
4749
36613
16994
11450
33029
25334
35519
14284
9338
2607
17782
11569
35687
684
95
36041
35598
36206
14828
29285
26901
16022
1788
4597
9557
2783
1772
12584
30216
16321
23306
8228
13096
17248
12943
14503
9217
20531
7364
28870
33538
29039
30468
4266
22756
27124
30238
31658
17629
23498
14187
603
14266
18329
28117
24710
23912
17002
22902
34513
24005
27649
16626
25130
3277
4470
6853
35827
24546
11187
31312
17516
14856
26029
23346
33008
17969
794
36658
32579
2115
16798
15432
28704
6221
19345
19423
29462
1229
26659
17247
28164
35529
31109
22931
19359
10070
15841
25983
33818
9922
36109
19494
28220
29190
22240
13689
622
21325
10022
26998
3099
16851
10140
20816
13107
31963
2241
23634
17304
20308
14297
22206
18520
21735
13406
27653
6500
2607
21087
843
4612
3067
32392
7080
20327
13834
26435
11684
35310
11606
12164
27469
36372
8665
5403
13805
10811
14769
1650
2493
5617
25372
17400
17714
21813
32500
3263
1142
3754
3444
29850
7375
20416
405
2376
32731
33478
34841
1090
28515
27501
9977
25065
35095
4448
8567
11480
11770
33004
4243
10405
17251
26929
33423
27012
7043
33892
16962
2969
7356
13390
1232
30778
28777
23557
21442
18236
2779
3942
25094
1990
29597
1940
20270
13738
11504
312
6863
34637
24061
19994
12406
23318
24034
23581
3375
14556
24769
29709
16448
19616
10972
14746
3919
35426
24096
16956
29992
34501
79
34801
34932
23327
32355
24247
4456
34894
18779
1773
12569
25545
5389
14054
19748
14055
18167
25602
9112
4643
345
16837
16275
19497
17017
1336
33196
30850
22242
30458
1347
8993
11830
8894
1617
31428
29888
18457
4663
29978
29098
5071
28158
34278
11152
32844
34630
23001
21871
12585
24635
20103
5972
10567
22672
19178
15969
21887
15529
28794
33426
34128
26136
8446
15965
6602
30830
23133
24606
20728
167
24858
25751
12458
6813
11068
507
18205
1562
10275
35006
18397
26607
20033
5575
16670
13444
20567
36114
30670
20841
20434
11432
19220
15085
16423
31656
35707
4814
5682
16282
25349
30759
25754
34545
17080
401
23887
21446
27141
8701
20197
11989
3889
29362
29113
15840
859
29872
31925
20518
21270
30788
15606
13417
15303
21500
32543
31392
35000
326
18004
11494
5244
27134
21179
21917
31213
8173
7907
30918
26363
8249
23236
12489
21181
35515
20841
31865
26786
11936
25276
21919
5385
28109
4151
1923
11674
19150
7116
35988
19212
36221
66
16672
31036
10195
29384
28473
20216
25296
13359
24368
29699
21196
15
19109
9362
18034
33556
3273
25223
15159
7195
740
19805
14575
14532
23552
3985
21884
30151
19289
34438
27519
14111
3923
20370
19435
26533
1919
23954
14881
33125
3376
20654
34144
2317
12562
17330
29716
31710
277
2604
17267
9368
23518
17048
12314
459
23183
2964
14719
7154
8258
5842
727
15997
791
36472
14203
4519
5254
11964
32006
17234
20410
12204
25870
23553
18965
8951
35653
32801
23007
20960
24246
20168
2673
33684
29864
22153
6583
12630
19702
13779
4542
6739
34122
9434
1634
26788
12972
15473
26219
16546
25921
34192
