3368
2658
1845
2567
2617
620
426
1554
1176
490
619
700
3523
398
252
1093
1431
135
1567
633
3749
2982
2483
3802
1571
969
3642
401
967
1345
239
1716
2421
255
1815
2198
1134
215
3448
1122
1687
2078
3644
1043
2706
1401
507
3721
40
2903
3299
1760
3602
3679
743
3482
1555
3310
6
70
2342
1481
3048
27
1729
2497
468
2829
2694
1670
1941
746
2341
2101
3440
2523
3804
1766
2515
321
2070
2440
3197
3201
884
2193
2882
2395
2815
47
120
1738
2213
2064
1365
686
3687
3482
3554
1626
3850
931
3659
3532
2286
1899
3456
1248
688
3833
1099
3454
2730
1261
350
2182
669
3710
2706
844
1922
890
3857
2329
3170
527
2085
1587
121
781
1219
1335
268
1980
1412
3808
2378
1301
434
1788
2269
3530
3167
3322
3600
2360
44
641
3728
553
205
196
1980
2009
3264
3596
870
2418
854
247
3571
2512
1173
689
581
96
2430
3649
3167
3116
2287
1105
2113
1300
364
3938
1326
4037
2315
3081
2284
1988
318
3584
585
1802
659
3269
1977
2045
3961
63
711
2630
1931
592
2469
2050
912
3711
