38
2151
3544
1506
1952
3183
2051
25
1737
3209
867
175
2806
3298
2640
2273
1318
425
287
237
2179
914
833
330
1305
2991
1967
2991
1924
2000
2566
1449
3110
373
3232
3776
2704
1128
1666
823
1258
654
43
1842
304
654
4036
340
610
2469
253
85
1211
417
156
2964
2816
1273
1436
844
3901
78
2697
384
1806
3365
3604
2168
1077
10
3135
1352
3019
2281
1714
2812
3453
2463
903
3392
38
3492
2707
3370
3257
3702
3365
3160
2716
3440
3766
790
2082
2940
2774
2545
3552
3837
1871
1585
3183
3972
1085
1247
1647
3413
3985
3073
3538
2579
2337
2056
1675
610
2599
1733
2017
2107
873
788
2156
886
3247
2863
221
1032
3622
3046
2504
1734
3427
3838
18
3327
1551
2038
1104
2822
3111
3723
3222
1547
3045
404
3303
2437
1961
3688
193
3595
2653
145
3263
100
3209
954
1930
3303
1741
2725
998
2325
2775
1639
67
2149
287
2398
426
2546
3630
3160
3541
684
629
3420
83
1315
3278
827
1364
946
1321
33
1838
564
1135
2150
2747
2046
397
2869
449
405
683
2271
636
4002
2911
1709
1213
4032
3001
429
1256
1848
645
3595
2052
1628
92
3081
1428
3703
1091
3991
647
1453
2112
2325
2125
39
3654
272
719
4013
1259
3510
3857
2199
2066
1879
3839
44
3524
2662
2816
3737
1510
1626
3948
3488
3279
595
2799
3838
848
2577
477
2725
3773
3363
770
1637
4012
2351
2301
3969
1591
3144
1140
3078
118
1869
871
3335
373
2048
3466
299
1662
1324
2745
3619
889
3780
938
1924
1750
2271
3865
2973
3883
2568
1454
3795
220
1737
2280
2725
817
146
876
1065
1344
3036
3804
3303
2393
1754
2632
2575
3899
64
3464
3724
2558
3768
144
2281
2403
3472
130
1921
2891
1684
1264
770
3124
3318
3341
351
3634
3049
3747
3635
1570
49
3538
1378
3175
1365
2347
3512
1318
1709
2759
3122
3958
521
3394
1485
2655
2704
3084
540
1559
3970
2334
1328
2153
4006
2595
1051
3661
3111
2889
525
1596
2361
1627
623
2539
1321
3856
1436
1877
387
3586
3612
2180
668
3459
1601
2651
4034
395
2800
194
2929
3498
1712
987
3620
355
2372
3173
3387
3288
392
1605
509
3485
3586
689
3824
1461
3626
3534
3485
2999
1999
1376
729
1475
2193
2752
2285
1897
2345
1525
2148
3373
3307
3661
138
3375
465
269
2523
2317
3038
1741
3055
1558
3159
2039
2346
1825
3348
3310
2272
1085
3456
3868
3133
912
985
2683
3239
725
3382
102
1952
2089
690
3498
1779
2234
2562
3759
1802
2475
1386
841
3915
3006
2114
2090
1239
3338
62
536
3245
3917
2967
626
2879
1772
1767
3703
2953
1960
1682
632
2604
1073
3887
419
2450
871
951
702
867
2369
1297
627
2591
2559
3852
1126
2787
865
3863
1756
3227
991
2594
1284
258
121
3354
3675
1515
756
2516
857
1480
1369
210
3679
1137
2635
944
610
1539
2211
2380
1372
2901
480
2915
534
3791
153
3133
1158
387
265
684
192
1049
2147
878
2527
2299
3892
957
3271
1544
1779
2186
1340
3585
2621
3217
3210
1938
800
1813
2163
2193
869
3305
2193
2974
3368
1707
3388
891
3994
3425
1617
670
1593
153
3604
2194
3439
1179
3742
3034
1172
2867
2955
1742
3411
3769
3767
1704
3770
723
574
1399
2414
555
2238
3969
243
2944
867
634
2738
3799
3767
2893
415
1047
199
3041
440
1869
2284
49
2879
1695
1953
532
1257
2061
647
508
1785
3527
2703
3408
2448
272
874
3807
3957
2285
1488
118
2393
2734
1220
571
2422
1820
2559
2470
460
2431
1807
3547
2304
1203
1582
473
3182
1076
81
3061
2104
3406
2557
1894
1841
3049
3627
2715
960
2032
863
2565
2637
2666
2978
1741
294
1959
803
3911
2671
2120
2970
2491
679
1701
997
1985
1582
2357
1922
2730
812
1803
1587
2566
2849
3007
2063
3497
562
2407
1784
3680
3636
3712
2462
2483
589
1745
2097
3458
3795
1949
1752
3323
3396
3438
2769
941
3153
3058
2410
1751
1035
3285
4007
2763
2389
3234
447
1636
2533
3635
1998
2359
3548
1794
969
3436
3882
3215
63
555
2116
526
212
2963
3746
2172
899
2322
3731
3683
1766
2740
3546
2183
1749
2355
533
993
2268
2176
305
702
341
2857
597
3072
2379
3901
660
2876
237
569
3866
2479
3445
2504
227
833
154
1539
535
2256
446
3961
370
500
3223
393
3235
1483
1839
317
170
941
3
741
2518
3582
521
461
2856
46
1341
3714
3520
2980
2331
1245
3570
2617
2098
69
2821
747
2353
3978
2686
938
2251
3756
3419
406
1044
1
2966
628
1537
3126
1140
2608
3171
398
980
3766
3147
3267
2194
204
184
1117
1058
787
3782
1103
2471
2882
1392
1220
207
3161
2862
2800
1395
2408
433
2094
919
385
614
3676
1721
3110
2870
2969
2401
93
202
3758
371
877
125
3698
559
2080
2395
2405
1865
1960
3699
272
224
3178
2975
3915
2021
1614
2994
1011
429
1920
2041
1807
3509
1026
3238
2450
1759
2527
2128
682
2083
1490
3724
1853
3338
3214
2943
3067
964
2804
544
2204
700
2247
272
3588
1256
2473
289
2437
3283
345
523
2743
425
712
2150
3506
2521
1091
2531
1358
3703
1456
3539
2098
412
832
864
1229
948
2930
1588
229
3377
2742
640
2024
2322
857
307
2475
3729
877
3577
531
3424
2505
3980
2389
157
2543
434
2399
1262
943
1968
434
1351
634
1082
1790
1912
2681
2911
3418
3790
3790
2886
1533
1589
2004
690
2510
2788
1575
985
2078
2306
2874
3851
1521
2970
1011
3514
2178
3664
3321
292
316
3003
1997
1394
3445
1254
3987
3481
3915
1611
2159
3325
3581
