3726
1051
2841
413
2836
1166
3277
1959
2463
3953
204
2860
1978
2297
1287
3544
3831
3795
3069
1270
2957
2173
2140
591
465
3311
2818
17
2762
1105
3587
1378
3893
1978
2950
1620
850
2400
2668
1109
38
2808
955
321
3260
2298
395
2053
705
3736
1975
1619
2250
543
560
2052
185
428
2719
1698
2797
1225
202
1103
2753
310
586
3785
257
2861
1900
1884
2570
3137
4026
1960
1064
2280
2367
643
962
1300
2645
1281
1856
1937
2682
2851
1023
2671
1123
166
999
3955
786
218
3041
2945
1614
1988
3674
3351
1085
2133
2787
895
3472
3466
9
3795
778
3688
3624
2097
1998
1004
1702
2633
3336
3283
955
1064
3108
2859
2949
1781
1783
2159
997
3174
1351
577
1031
119
1452
713
2377
2931
1500
2880
3524
2382
1950
1781
2942
2869
2858
2132
1654
907
1536
2308
1443
810
1929
2437
1230
2409
4007
2411
3812
1872
3264
550
233
3651
1500
2967
2973
2317
2136
1392
3659
19
3735
1886
74
892
2862
3525
3274
3552
38
56
2998
2906
1258
1402
37
3816
707
2832
3679
3285
1744
3548
2019
3949
3031
2456
2864
3214
2206
1117
1222
3462
251
2822
2338
3104
459
1993
3664
1769
477
3286
3208
1240
3286
2373
2566
372
752
3368
3755
1650
3369
3998
3887
3889
712
3118
2153
2200
115
1721
192
1202
794
3954
2631
3403
1753
3638
3005
3255
2992
261
1566
184
1524
4004
3575
1474
48
1348
2327
348
1707
889
1435
2197
2937
699
287
3084
953
2877
3747
2856
2940
1767
630
2266
1929
2153
1728
2140
2708
499
218
3482
873
3378
3508
2713
3457
101
865
863
3925
878
3483
2776
1952
2029
2637
2919
132
2042
102
2766
3192
150
629
1624
1293
3637
496
2375
803
3403
1582
1196
50
1396
3118
739
1854
1159
2734
5
1932
2473
1444
1040
2274
3301
98
1768
3546
2236
11
658
93
888
1526
642
750
2322
2102
3053
2706
706
3862
2333
382
3124
678
3678
2798
2273
1622
2609
692
1896
2168
2854
2853
1461
959
80
597
3047
1972
258
2872
3917
2650
3407
1784
1949
1202
957
1394
3321
1062
3083
28
252
2421
2585
1441
1209
1247
704
743
2275
3730
3492
3986
345
573
3701
1233
47
675
3991
2722
1374
