9035
11322
18602
13708
1900
10132
6003
14855
19885
16484
31
845
3682
4928
17097
3983
11620
17215
2577
5908
3072
6992
21209
9356
12315
765
13277
6839
17357
20396
4500
2182
8334
9507
5359
12611
15451
7633
5273
21225
4225
8350
11761
804
444
19776
10600
9374
18414
3618
1267
13623
10827
8104
3547
10676
21470
4403
13126
16643
21490
22268
8922
17972
4350
13196
5966
14892
9050
3650
4739
14805
5785
8678
6311
6504
12654
18502
16006
21974
20997
7349
20786
9408
5491
2589
16421
3719
19561
2062
16582
19421
14392
22491
3324
1691
22420
22133
4263
19489
14125
7107
14414
15071
13872
6708
19953
17312
6242
10680
22538
17539
3066
8187
15818
335
19007
4905
16420
20738
9191
3152
11168
12069
583
3865
1687
14917
17798
5044
10760
17114
18981
20662
11654
3671
10472
8552
9337
1580
19189
4947
18427
12317
21791
13176
20104
4684
20110
2527
11327
6015
4468
16068
21164
17070
17638
13383
6446
17315
2180
8793
4902
3726
3522
11490
3948
10471
9386
1229
2
10401
18428
22157
4722
21347
6059
612
18122
3876
1291
14169
16339
8922
5188
13737
17241
8139
13145
850
15543
22469
1923
20501
6061
4693
7583
569
47
8436
21338
14588
16852
4488
13289
15860
15464
473
9856
1894
17230
16310
11442
3942
5627
21616
14222
18248
3896
17114
10384
5262
3369
5770
21438
4158
5890
6458
17878
31
20848
12266
18025
19617
12127
10908
5002
14048
13870
8278
2085
14316
12351
3603
5097
3086
6419
8550
9274
8890
13921
22452
7555
15058
14630
4260
18437
19692
11751
4141
9428
5851
12935
21252
4796
14795
1889
2069
14117
2745
1948
2561
9715
5041
1485
8539
20877
2867
22263
14959
16710
11204
15194
15801
17625
12087
21302
16695
656
2082
15777
5606
12661
6810
8501
16268
11599
13836
2684
3941
11275
18085
13213
10540
15052
21596
20643
15152
8751
112
11522
21868
5097
6818
15205
17056
3781
8527
5798
16019
5138
11990
8550
21645
14722
16244
4711
3833
4771
20430
1752
21862
22365
4001
2709
21962
8826
11089
22175
13132
2312
7185
2317
9099
21605
18883
16878
600
7859
17277
1489
10696
12343
12830
13299
9887
22234
8661
5282
20545
16655
3761
16739
18763
20277
19816
4645
3477
16203
9128
8323
13701
12795
22458
2601
12750
9036
19363
10018
2967
12205
15966
9575
363
10976
19386
14173
20446
14947
18469
3704
8073
8984
11303
12931
7001
6555
15417
9882
4785
19436
11448
8873
1997
422
7296
9344
19974
4728
21095
9779
12562
13348
6740
2312
16972
6704
21687
3255
19207
7582
20247
3574
12138
11620
20468
1880
5897
3413
4839
12034
3199
403
969
22532
17664
20631
13188
18773
13896
21433
4190
4223
9706
3529
14213
11362
11751
7602
7692
15606
12850
11605
22092
1441
3876
3523
20647
15849
11892
7547
14180
9312
12565
7061
7109
15095
13984
2501
15755
15295
7162
2277
12795
9597
12410
964
1042
9100
9637
7016
13367
16918
9655
12965
21754
19582
3263
19735
10203
136
55
11654
6244
18723
12450
2037
1503
5417
1361
9373
16566
13417
11391
18394
17012
2831
3197
17882
731
8402
14541
6519
15501
8054
12445
323
1833
13352
11130
1424
22592
21530
15686
18460
6018
21898
15213
13559
21941
9395
9590
16593
1780
13086
16738
16922
20066
10268
21186
20675
13592
18172
937
10680
22219
14515
17627
7406
16333
16540
6474
21358
15141
22061
3294
637
18359
22441
13739
16299
4668
2679
13611
17212
4145
5094
5415
15853
16500
15493
8526
8503
21893
5643
21167
2369
12943
20112
5242
15983
10275
10280
14438
16047
16168
8042
21908
18575
8140
5486
19803
8498
4770
10908
8765
14746
789
6361
2242
7656
8912
22010
2678
20199
17570
15007
18430
22469
9434
12255
10193
4508
19816
1694
4002
4688
5433
200
9921
10195
1341
2209
1343
4488
5951
686
3136
4520
20047
8072
8239
13306
2979
3996
12505
4439
20037
10189
2409
3292
18057
14446
10777
22633
9701
1986
10172
9474
17627
20589
18555
21547
13996
17647
17747
19240
3266
18099
20745
6216
13628
10369
18062
20832
15063
4579
9829
12210
11451
20812
15340
17641
21697
14441
21068
8320
16912
5684
12453
18689
2902
11156
327
12981
18266
18518
13148
13458
16484
12451
20322
5435
14178
5174
22552
19478
17781
19077
2055
19677
16127
14769
10016
16681
19653
9543
18385
18679
15087
8786
4590
9675
3996
21253
3670
16366
8353
13657
14978
19693
21224
15398
7772
1833
816
1262
470
20983
21997
13538
22424
19700
12609
5069
10902
19447
22216
7076
16487
22180
6982
20342
8468
22293
2469
14161
1426
1173
13757
1534
19832
1317
22265
12348
19563
8709
16726
22402
7198
12693
15150
180
14161
16904
91
16952
7844
14067
19477
8037
7673
17426
17983
19443
3658
1419
6241
15800
11148
3175
15439
10598
17389
19045
21139
15392
14861
1872
10230
21448
22237
13833
8443
17196
3874
17573
19221
1249
11756
6795
18092
13335
11416
20341
856
16987
2177
12868
5623
1672
3086
10445
15673
9056
12345
20762
6581
5948
18112
21181
17604
6796
2723
21573
7730
733
19718
16366
20252
13446
5431
2879
8738
21172
16997
22381
14044
9078
4743
6333
258
22343
10550
8262
12955
15973
21021
5518
12282
16327
4326
21880
15284
4995
9634
19209
20801
6761
2438
21208
5375
2712
4194
3137
3669
21882
1776
1812
13891
4902
11277
19484
15448
6567
7918
16147
2583
837
9973
9465
78
18633
16293
8420
9007
2756
8243
19032
6799
10015
18736
12698
16724
18541
4136
6843
1719
18143
4484
968
22565
9217
20698
5362
4471
10106
8770
18748
10931
5199
19670
12723
3623
12700
4239
12423
3165
8247
4746
20079
14330
18460
6815
9877
17258
11465
2277
7665
3874
22621
18363
15576
17818
3731
20715
19390
1166
18207
9172
618
18972
4780
16591
14336
19469
7121
22161
22588
4851
18652
18839
7404
11661
1391
9761
20718
20494
15080
10307
19019
19324
4288
1101
8388
9251
6521
13725
19858
2159
12516
738
20524
494
8396
22502
6178
5684
14116
19187
20021
1925
10735
1371
2745
15555
15269
17881
6460
13295
11502
8046
6772
968
13129
6162
8556
4164
22456
13402
