1195
5474
8383
2115
1647
5322
9864
302
8824
576
9279
9400
5025
7924
4369
4955
5670
4631
4877
2352
7143
7246
5329
6967
4346
8473
9775
1527
4126
2401
5199
1376
2214
2899
9248
3947
2601
1140
6315
7562
7510
4450
4131
7637
5572
4972
544
697
1297
2120
1723
1951
5799
7505
1809
2396
3151
6238
2719
2875
8894
6040
1858
9150
1780
2364
1019
3739
2525
861
823
8428
9082
8134
870
6054
2375
7067
9394
2591
9518
8434
9004
8476
4520
3473
9171
4223
9846
7785
3935
9894
9321
6186
1285
6678
5117
230
4821
7035
2827
2965
6362
6633
8007
4715
6424
8201
9783
430
3079
2301
2473
5416
2437
571
2561
1451
8200
4253
9069
5371
3572
8823
1372
9080
4140
9308
4168
2104
6500
3696
1162
6170
9120
2477
7100
9866
9218
765
6230
4803
531
3380
8930
5904
4908
238
4543
5781
2450
1472
8863
3389
157
2719
1839
9291
6042
56
613
2051
3582
2188
858
1557
1689
9875
7185
7352
4112
9600
4698
4499
9825
6228
8134
6579
105
1266
5188
8177
2536
945
2315
9191
7156
9750
6436
5110
6188
321
4146
9412
6294
7374
4356
5289
1953
1596
8593
1265
8846
6265
9972
6662
6635
4046
3184
1984
3513
6184
6236
3504
8200
6111
2678
7240
1474
4907
2751
9739
1710
3755
4632
6575
5956
1202
1759
2495
4200
8983
6147
5707
1441
444
7809
9050
2599
4048
5702
1327
5304
5565
7257
9643
7058
9807
7399
344
6199
8305
653
2464
4050
6827
755
7715
8092
8001
4733
2430
6390
4726
9355
6348
9391
8775
2564
5147
243
1103
7347
0
438
9581
5631
6333
1648
3468
1667
7452
5194
2191
281
8764
9533
9377
4054
2030
8650
9300
1184
1789
5405
6864
5797
236
7883
8743
8869
6066
2844
7506
3545
1394
7631
796
8919
885
4991
4376
6130
4889
5149
8855
1970
8088
6441
4890
465
472
2448
9813
8802
1090
3856
2216
5519
1877
4571
9139
109
6695
7088
2722
5806
6175
8111
7033
5350
4501
1195
2373
1529
4737
8183
3283
5592
5253
9943
2285
8033
5435
8908
3192
4176
4426
3815
4938
8213
7217
3952
1403
7859
4172
8700
8645
197
4955
3389
8618
7133
6159
7575
7420
3861
6885
6426
7811
40
6726
6506
2630
9497
7340
5151
982
7030
7835
6277
5851
7137
147
6449
6688
2537
5255
7048
9336
1945
4328
8183
1973
9633
3018
1213
6729
3772
4487
1052
8904
8934
3488
8453
1241
2259
6197
2540
6038
7791
4130
5299
416
7538
7468
4299
9719
4784
7563
4227
4592
7593
3824
4998
509
899
7284
2557
9044
156
2143
6500
4339
3715
9404
831
6275
9365
4888
2237
8626
296
7542
4560
8484
9632
6066
4794
2588
8324
1352
2988
4400
387
9036
4442
6972
6487
2982
9226
4876
7455
9509
2216
5885
7423
5656
9261
2820
4015
6260
4339
4481
5174
4997
1081
2031
4219
2842
8863
6749
2756
8856
1970
9174
1281
4902
816
2707
7843
9855
5502
1422
4145
7132
1055
9583
4589
3108
3269
5886
2247
4608
9497
829
2936
2907
5701
6764
5687
1123
9022
9018
9861
6545
6981
5178
9999
8961
4890
1071
3274
2437
6
7496
3113
1491
4762
4660
9751
3237
8071
2066
3143
314
2563
4544
4799
1663
8634
2639
9052
4337
7195
1023
8055
6779
7248
6419
5754
7656
3648
5630
5002
2615
6587
5180
3662
6142
9092
3238
8784
7703
7272
7595
4199
9896
8404
170
727
7625
5236
9922
8335
1975
1401
5277
4637
454
2373
1936
5710
8692
9760
1929
6008
8995
7674
9721
7301
9811
7724
5649
9999
9261
1957
1079
7918
8598
2820
445
1293
8772
2131
5846
5613
2908
1241
1474
9430
1978
2291
3791
4267
780
3378
5783
294
3736
5055
8665
2914
8564
5156
9625
3809
862
5911
6969
2590
2933
6759
3993
1077
5749
9663
8165
5695
1345
6863
4670
591
6757
2240
3609
747
5786
9146
1466
4130
1720
5960
9844
4465
1440
9401
1809
5470
7266
8454
7784
7876
5551
4116
5489
9665
1422
1507
8788
3541
677
8260
1275
8507
6202
4093
8432
3131
2891
1674
9363
9022
3903
8761
3268
6811
1401
6612
9274
1661
1222
8178
31
4738
8294
334
9411
3399
1233
2857
5179
9475
2065
3508
5760
4660
8624
7725
6348
1058
1050
8993
3482
6941
7453
6664
8242
5610
9560
5653
9875
9007
7886
699
4720
9000
5570
8663
4795
4490
7376
2686
2164
1305
6113
2080
522
9637
2241
553
2475
803
4823
7527
7982
5919
2068
9466
2152
5047
3751
5558
9104
6760
266
2408
7462
9025
2538
7324
9511
1605
90
6037
8829
6683
4237
9597
5832
3058
5876
8433
3784
5565
5577
1346
291
1018
2413
8849
1410
6080
4302
295
5632
7348
1561
2024
2576
8675
6741
5202
7462
2781
8993
5650
8973
5645
5726
6603
2237
177
5706
4613
759
7179
5837
6246
662
3324
14
3309
7449
934
6606
1672
766
9909
8843
1116
4847
9939
3739
11
5628
723
6790
1542
5691
4998
4862
5714
4569
1129
8704
5176
6945
2591
7151
1383
9918
9844
5773
6796
7345
3567
2688
5004
6878
1527
4824
2318
6598
2248
2525
5271
457
1984
5475
5249
33
3816
5748
2732
7871
5808
8677
931
4718
1942
4911
5577
4142
414
8098
3589
7406
8754
4494
6608
5965
8357
6727
2915
3675
75
2062
4155
4300
587
9507
1091
2888
898
5583
5518
3021
4587
5483
7738
7373
6280
2001
7056
4184
9520
6877
7030
2508
4384
8122
7763
1986
6451
4014
2189
8333
2462
3293
3203
1809
2002
3171
8166
507
5444
8871
3672
94
2495
5244
209
894
5215
9516
4265
1085
1676
6795
6054
6320
9929
6071
1206
1784
4801
431
6199
1680
6291
7636
8676
1474
4549
4766
6321
3977
4837
889
578
3622
8442
9902
2761
236
2529
2266
4705
9071
6283
4655
7212
812
526
9142
31
419
8344
8916
7154
4785
8950
7075
2501
467
3972
8420
8932
5190
