7351
189
4713
6378
7092
6978
7000
5848
7639
2312
2054
6769
974
3167
91
2760
2345
2246
7359
4442
2104
7123
180
22
519
4265
6060
7540
33
6619
3748
1648
804
6734
1222
4006
2941
1856
4814
6807
6518
764
1443
6196
35
3240
2843
7450
7386
352
396
930
1000
4459
1884
5310
3147
1161
3353
7736
3603
3284
4163
5219
2875
5927
4247
121
7002
166
5532
366
7304
3135
2316
2624
1841
3844
4164
2453
8180
1557
3749
2731
2741
6500
3545
1281
5353
2160
6462
1397
1030
2443
5329
4290
5090
5678
1276
578
6921
3536
4352
3220
2603
7230
3015
298
2910
703
5712
4609
4683
4844
612
5343
7125
3267
101
6424
2407
5563
5853
2985
5821
4842
6999
1252
704
4655
3758
4646
3134
4127
2240
8112
6867
7565
7089
7600
843
3332
3103
2469
2671
3648
1043
4025
7522
7478
4672
4757
4966
5520
327
1812
7036
591
3187
4279
2461
4167
4811
4199
2255
6949
4219
4699
7754
1112
1448
7649
5854
6258
227
6072
4036
8162
4562
244
1737
4979
4604
1545
1645
4686
2651
5114
3963
5625
8073
7351
5753
4672
7052
3579
4918
312
4790
6850
7267
5591
697
3705
3450
8024
5092
4005
3917
783
1619
547
2707
1766
7882
5676
5347
4126
5468
6534
2017
2882
6546
2880
2105
6781
6436
760
513
5997
7287
3980
8085
5003
2941
2016
527
5003
7330
6941
349
7445
6502
6301
4717
4284
7447
4632
5537
4539
3397
1680
132
1316
4123
1542
4701
4133
3260
5164
648
5060
1871
1896
2050
7229
6068
6091
5311
7805
3424
5183
3543
1629
6518
4575
6263
1587
8033
1449
8197
4759
5468
3367
4075
575
4214
3319
4736
7134
5287
6916
5793
986
5395
2491
2672
993
408
1734
7848
5815
2041
2966
7165
7927
6293
1090
3651
2781
1188
1474
4103
5890
4198
1131
91
2428
4581
5381
1318
3099
2891
71
6566
6587
5337
4354
373
5789
7022
6553
5655
7630
7870
1370
7283
6645
3724
3131
2050
7531
3600
3641
3815
6347
4219
5571
6998
2238
6929
1515
7100
7443
926
2370
1885
5750
1391
5244
7544
7287
7283
813
5214
924
3976
1074
2353
4413
789
3851
2418
8233
2653
8005
1880
5767
6578
7453
5484
6444
826
2780
6590
3631
6286
3730
7808
5417
2487
5629
6264
851
667
6492
2142
5582
1717
1971
