3325
1120
2287
618
2111
1113
795
1490
1062
2561
2700
644
3867
2376
2627
1758
2529
2085
590
1345
3779
3570
3129
2907
857
1747
104
704
2190
2594
1046
802
1434
38
3801
776
578
1548
2193
1961
2843
3094
2006
3395
1620
1913
1084
715
3538
3920
3795
76
941
2858
2935
449
425
933
1105
1696
3600
2536
3948
803
3741
3287
3758
3478
1253
1711
3688
54
2057
1875
404
248
2998
2022
1322
1310
1945
2148
1734
1647
291
1236
187
1406
2781
3123
3562
2659
3867
651
3879
3474
965
27
3585
2378
2253
1153
1922
3460
3800
3082
1840
1434
3772
753
1517
2504
2086
1071
221
2013
2986
1968
90
2293
938
2408
1532
3250
730
3874
2228
3568
641
717
1331
2138
3198
3140
1870
3791
1486
1987
2581
3700
984
1370
1774
70
3372
2305
3697
1079
3786
1968
1934
259
830
3473
3476
3661
880
3864
3070
499
934
1209
275
3483
3550
1022
721
660
3764
991
3842
1510
2155
1903
1331
3239
1565
575
1822
3603
1763
989
845
2356
1101
531
542
910
2474
2213
823
272
1749
2196
232
951
206
96
1037
1971
